data;

param n := 50;
param nt := 20;
param Prelease := 0.02487845;
param Alp := 0.72;
param Bet := 0.00027;

param d :=
	0	0
	1	67
	2	96
	3	56
	4	98
	5	88
	6	69
	7	80
	8	80
	9	92
	10	60
	11	89
	12	56
	13	83
	14	75
	15	100
	16	59
	17	74
	18	62
	19	59
	20	83
	21	97
	22	88
	23	81
	24	68
	25	59
	26	91
	27	95
	28	78
	29	97
	30	80
	31	99
	32	55
	33	59
	34	52
	35	83
	36	85
	37	100
	38	83
	39	62
	40	50
	41	62
	42	83
	43	84
	44	73
	45	97
	46	67
	47	67
	48	55
	49	91
	50	88;

param: A : al, c, PD, P :=
	0 1		6.14   10.52  356  0.358
	0 2		7.98   13.41  442  0.469
	0 3		40.53  27.6   299  0.024
	0 4		47.07  42.86  304  0.077
	0 5		20.06  49.02  445  0.297
	0 6		26.7   14.75  462  0.587
	0 7		33.88  23.1   133  0.555
	0 8		15.09  29.01  390  0.26 
	0 9		37.08  24.49  295  0.397
	0 10		31.16  29.69  364  0.883
	0 11		25.19  20.48  438  0.68 
	0 12		16.37  25.73  205  0.223
	0 13		23.84  37.26  397  0.055
	0 14		45.05  14.72  400  0.57 
	0 15		35.29  25.04  257  0.67 
	0 16		29.34  21.99  342  0.176
	0 17		36.86  23.02  151  0.729
	0 18		12.01  42.79  254  0.243
	0 19		24.94  40.86  110  0.541
	0 20		41.84  47.25  197  0.294
	0 21		31.02  20.28  239  0.762
	0 22		15.37  30.1   484  0.622
	0 23		46.62  18.38  330  0.48 
	0 24		30.13  32.59  167  0.843
	0 25		46.43  40.61  370  0.422
	0 26		31.92  10.18  406  0.332
	0 27		22.53  10.9   152  0.771
	0 28		43.57  45.89  124  0.419
	0 29		39.17  49.06  484  0.01 
	0 30		28.66  12.12  407  0.612
	0 31		37.36  40.04  377  0.537
	0 32		13.94  13.28  237  0.754
	0 33		48.47  23.64  491  0.431
	0 34		9.15   46.4   260  0.24 
	0 35		7.77   44.12  279  0.25 
	0 36		40.84  45.75  319  0.356
	0 37		27.53  21.2   288  0.282
	0 38		31.19  21.49  498  0.664
	0 39		34.39  28.95  274  0.589
	0 40		5.09   19.06  158  0.888
	0 41		39.98  25.15  288  0.594
	0 42		49.43  18.92  289  0.884
	0 43		34.47  36.35  256  0.302
	0 44		6.31   29.29  245  0.434
	0 45		26.32  24.71  305  0.875
	0 46		5.1    41.04  338  0.577
	0 47		18.35  19.33  195  0.139
	0 48		46.19  39.11  370  0.16 
	0 49		8.65   24.47  391  0.304
	0 50		49.77  43.95  352  0.805
	1 0		12.45  47.89  471  0.062
	1 2		11.19  23.28  399  0.268
	1 3		23.5   31.43  335  0.949
	1 4		21.83  24.87  132  0.778
	1 5		31.96  37.82  176  0.822
	1 6		28.89  20.62  112  0.843
	1 7		28.95  11.09  271  0.96 
	1 8		14.64  33.57  357  0.041
	1 9		15.38  43.01  277  0.294
	1 10		45.04  29.99  480  0.468
	1 11		39.32  44.44  350  0.013
	1 12		34.12  32.87  111  0.326
	1 13		12.94  40.75  286  0.436
	1 14		20.5   28.14  278  0.803
	1 15		49.26  11.39  204  0.775
	1 16		31.77  45.57  496  0.485
	1 17		30.41  35.46  186  0.573
	1 18		12.59  35.59  189  0.981
	1 19		41.09  35.81  223  0.632
	1 20		38.95  34.62  274  0.901
	1 21		17.3   49.23  266  0.866
	1 22		38.31  16.8   337  0.361
	1 23		5.58   49.8   369  0.639
	1 24		44.88  43.27  307  0.707
	1 25		37.05  22.47  426  0.263
	1 26		6.36   29.67  185  0.045
	1 27		9.8    47.25  305  0.851
	1 28		9.25   36.27  100  0.114
	1 29		15.11  45.5   224  0.104
	1 30		8.73   16.25  133  0.123
	1 31		21.99  33.11  354  0.892
	1 32		20.67  16.96  163  0.15 
	1 33		34.35  15.76  125  0.724
	1 34		18.88  48.76  417  0.361
	1 35		37.9   25.64  418  0.547
	1 36		45.88  22.0   114  0.151
	1 37		26.55  30.41  165  0.368
	1 38		11.76  18.93  462  0.572
	1 39		22.91  41.6   284  0.847
	1 40		48.02  30.18  274  0.291
	1 41		39.1   30.1   420  0.291
	1 42		45.17  27.84  305  0.162
	1 43		37.86  48.91  473  0.508
	1 44		39.4   41.51  314  0.674
	1 45		12.37  26.93  108  0.897
	1 46		12.76  31.79  388  0.552
	1 47		9.9    37.07  320  0.596
	1 48		18.36  20.2   113  0.795
	1 49		48.19  31.78  397  0.235
	1 50		17.95  38.12  261  0.629
	2 0		36.08  46.43  171  0.274
	2 1		42.17  22.17  163  0.843
	2 3		33.93  42.65  187  0.145
	2 4		39.11  38.82  442  0.238
	2 5		15.74  35.24  223  0.6  
	2 6		38.17  38.81  178  0.596
	2 7		17.95  47.61  103  0.578
	2 8		20.23  26.69  276  0.517
	2 9		47.32  20.24  260  0.077
	2 10		21.44  45.44  313  0.119
	2 11		45.71  30.45  397  0.813
	2 12		16.38  38.29  495  0.257
	2 13		23.32  43.85  300  0.807
	2 14		20.48  38.63  464  0.85 
	2 15		27.71  44.49  400  0.499
	2 16		41.26  17.14  193  0.818
	2 17		35.31  31.08  464  0.61 
	2 18		48.84  28.15  256  0.684
	2 19		5.13   15.06  438  0.237
	2 20		46.53  46.95  330  0.368
	2 21		11.16  10.44  273  0.159
	2 22		29.08  31.39  397  0.603
	2 23		37.46  30.58  306  0.112
	2 24		33.22  24.81  320  0.462
	2 25		6.48   32.68  202  0.571
	2 26		13.75  45.43  145  0.895
	2 27		11.54  35.6   253  0.86 
	2 28		27.46  10.98  156  0.756
	2 29		40.74  22.49  283  0.595
	2 30		7.3    28.81  317  0.479
	2 31		14.36  10.55  374  0.101
	2 32		6.37   33.5   185  0.996
	2 33		13.8   48.52  303  0.718
	2 34		45.39  10.63  223  0.881
	2 35		35.81  18.05  116  0.339
	2 36		28.51  27.87  278  0.745
	2 37		23.13  18.14  156  0.304
	2 38		20.93  47.04  473  0.176
	2 39		40.18  47.31  159  0.141
	2 40		40.04  33.8   432  0.953
	2 41		12.04  23.32  275  0.398
	2 42		25.85  31.35  469  0.196
	2 43		35.88  18.17  365  0.629
	2 44		42.51  33.31  342  0.652
	2 45		12.12  43.86  313  0.765
	2 46		20.75  39.48  469  0.555
	2 47		38.14  23.24  451  0.526
	2 48		32.1   17.43  437  0.84 
	2 49		37.1   35.43  221  0.044
	2 50		12.19  31.76  325  0.353
	3 0		25.83  26.84  287  0.481
	3 1		26.19  14.8   277  0.651
	3 2		13.87  19.67  312  0.144
	3 4		39.45  39.95  337  0.606
	3 5		11.39  13.9   175  0.479
	3 6		15.38  45.94  337  0.046
	3 7		47.38  21.0   275  0.033
	3 8		29.02  35.0   104  0.942
	3 9		48.47  43.14  309  0.399
	3 10		12.67  48.14  129  0.504
	3 11		42.37  15.06  215  0.52 
	3 12		38.55  34.88  140  0.91 
	3 13		47.86  18.34  406  0.973
	3 14		36.38  31.97  297  0.101
	3 15		42.29  47.55  325  0.763
	3 16		15.33  19.7   141  0.888
	3 17		37.28  22.73  344  0.74 
	3 18		45.56  42.66  425  0.096
	3 19		25.6   30.82  480  0.894
	3 20		16.71  47.8   388  0.187
	3 21		43.29  21.43  427  0.419
	3 22		47.01  46.57  472  0.722
	3 23		9.24   35.18  276  0.369
	3 24		40.74  30.85  276  0.885
	3 25		14.32  47.52  293  0.561
	3 26		6.89   15.32  481  0.892
	3 27		23.54  16.71  396  0.647
	3 28		9.34   27.28  250  0.53 
	3 29		23.02  25.29  145  0.276
	3 30		13.74  33.85  479  0.273
	3 31		25.48  30.18  225  0.188
	3 32		19.55  34.34  320  0.768
	3 33		35.08  30.51  157  0.7  
	3 34		34.9   15.31  319  0.801
	3 35		5.32   38.88  228  0.713
	3 36		35.79  20.83  426  0.498
	3 37		22.83  21.39  218  0.9  
	3 38		36.18  34.2   245  0.114
	3 39		18.75  35.93  142  0.698
	3 40		30.49  15.66  346  0.018
	3 41		9.81   16.42  166  0.518
	3 42		38.27  44.09  409  0.415
	3 43		30.46  31.99  398  0.625
	3 44		13.78  25.64  469  0.775
	3 45		41.02  20.47  195  0.636
	3 46		45.23  37.37  310  0.054
	3 47		7.6    42.08  176  0.257
	3 48		30.51  15.86  491  0.003
	3 49		48.83  11.72  223  0.569
	3 50		6.03   18.64  370  0.424
	4 0		33.95  28.51  479  0.482
	4 1		13.71  28.83  495  0.321
	4 2		34.96  10.39  410  0.077
	4 3		33.73  28.96  353  0.91 
	4 5		15.27  33.46  439  0.869
	4 6		9.87   29.44  137  0.108
	4 7		12.53  28.28  314  0.457
	4 8		41.75  47.63  129  0.143
	4 9		9.95   33.75  495  0.031
	4 10		10.0   40.32  468  0.94 
	4 11		40.06  11.86  449  0.059
	4 12		34.62  21.59  452  0.83 
	4 13		40.11  29.63  379  0.184
	4 14		27.88  30.84  166  0.84 
	4 15		45.24  23.85  439  0.059
	4 16		34.42  34.39  482  0.487
	4 17		46.11  46.75  289  0.417
	4 18		39.35  42.48  253  0.627
	4 19		32.94  37.63  393  0.774
	4 20		48.49  40.58  310  0.351
	4 21		12.97  21.98  483  0.072
	4 22		36.41  35.88  404  0.159
	4 23		24.34  33.88  169  0.035
	4 24		46.13  41.47  140  0.474
	4 25		25.8   20.56  108  0.879
	4 26		43.84  41.0   136  0.737
	4 27		18.6   29.45  164  0.529
	4 28		44.47  30.33  374  0.075
	4 29		13.58  38.02  161  0.642
	4 30		16.41  15.48  296  0.16 
	4 31		29.33  20.78  133  0.309
	4 32		48.2   36.53  422  0.859
	4 33		31.25  40.59  202  0.796
	4 34		27.31  49.25  394  0.941
	4 35		19.48  14.46  322  0.367
	4 36		44.65  38.87  135  0.829
	4 37		24.02  37.43  187  0.788
	4 38		23.61  11.51  249  0.563
	4 39		9.03   17.38  430  0.063
	4 40		21.31  48.94  349  0.519
	4 41		6.8    26.03  256  0.927
	4 42		9.22   40.39  117  0.91 
	4 43		18.73  42.96  381  0.944
	4 44		44.98  37.81  205  0.08 
	4 45		11.89  22.71  204  0.811
	4 46		22.05  38.99  153  0.744
	4 47		17.41  33.58  453  0.051
	4 48		21.07  25.25  415  0.634
	4 49		15.55  10.3   150  0.869
	4 50		22.25  43.6   283  0.606
	5 0		17.4   41.12  414  0.201
	5 1		9.82   22.36  477  0.901
	5 2		15.16  26.31  312  0.889
	5 3		14.52  33.83  466  0.393
	5 4		47.78  10.39  279  0.855
	5 6		10.77  12.66  491  0.06 
	5 7		48.72  14.58  272  0.495
	5 8		23.15  46.52  190  0.5  
	5 9		17.86  24.79  319  0.963
	5 10		7.17   28.81  478  0.003
	5 11		42.08  48.7   173  0.607
	5 12		47.88  10.47  492  0.055
	5 13		41.42  16.26  143  0.112
	5 14		9.83   24.53  123  0.339
	5 15		27.31  40.21  240  0.845
	5 16		16.54  16.28  126  0.759
	5 17		33.18  25.87  238  0.269
	5 18		21.12  31.97  424  0.6  
	5 19		38.78  46.76  108  0.372
	5 20		33.58  45.76  421  0.625
	5 21		7.55   35.84  408  0.366
	5 22		21.29  41.59  280  0.199
	5 23		20.86  47.04  267  0.675
	5 24		19.95  17.27  407  0.596
	5 25		9.13   42.94  275  0.994
	5 26		40.37  32.77  483  0.554
	5 27		39.55  17.94  205  0.477
	5 28		18.17  33.48  500  0.858
	5 29		12.23  38.19  428  0.866
	5 30		34.23  10.98  140  0.337
	5 31		35.7   40.47  307  0.07 
	5 32		45.28  30.43  114  0.257
	5 33		33.26  10.35  367  0.314
	5 34		23.38  38.5   204  0.523
	5 35		29.73  25.34  380  0.104
	5 36		22.8   19.43  354  0.257
	5 37		48.86  22.69  378  0.318
	5 38		39.1   26.84  334  0.524
	5 39		40.57  38.65  394  0.147
	5 40		10.67  30.7   375  0.83 
	5 41		28.53  28.61  161  0.441
	5 42		17.71  27.7   477  0.598
	5 43		37.37  34.39  336  0.709
	5 44		9.15   20.7   331  0.363
	5 45		10.29  45.78  441  0.367
	5 46		12.84  21.85  207  0.348
	5 47		21.63  38.14  336  0.934
	5 48		12.13  43.3   452  0.199
	5 49		23.26  44.28  413  0.164
	5 50		30.84  38.93  460  0.806
	6 0		7.0    13.17  283  0.171
	6 1		28.58  35.77  346  0.643
	6 2		46.95  25.74  261  0.606
	6 3		28.6   38.14  198  0.079
	6 4		39.83  45.92  410  0.443
	6 5		22.85  22.3   110  0.53 
	6 7		12.63  12.42  479  0.624
	6 8		26.56  34.46  140  0.637
	6 9		10.71  36.18  113  0.751
	6 10		24.07  40.12  255  0.13 
	6 11		49.83  49.63  316  0.948
	6 12		49.13  23.65  265  0.348
	6 13		40.33  28.35  146  0.461
	6 14		7.21   16.71  354  0.231
	6 15		39.33  17.18  170  0.875
	6 16		13.62  31.47  240  0.278
	6 17		43.83  24.3   374  0.72 
	6 18		29.95  47.69  299  0.619
	6 19		18.02  17.46  320  0.895
	6 20		21.01  39.85  456  0.569
	6 21		40.31  31.89  264  0.414
	6 22		6.68   47.52  415  0.042
	6 23		6.88   41.29  459  0.91 
	6 24		35.67  43.2   221  0.657
	6 25		47.75  25.79  183  0.882
	6 26		24.79  43.11  178  0.495
	6 27		46.67  15.25  197  0.952
	6 28		6.46   33.82  158  0.515
	6 29		30.81  11.22  184  0.457
	6 30		23.22  35.78  434  0.547
	6 31		9.03   20.42  406  0.75 
	6 32		24.76  37.73  454  0.339
	6 33		33.96  29.65  160  0.485
	6 34		47.34  47.85  100  0.058
	6 35		40.38  18.25  403  0.357
	6 36		11.38  23.94  155  0.16 
	6 37		21.71  17.19  268  0.672
	6 38		18.04  10.23  465  0.138
	6 39		28.42  22.06  312  0.855
	6 40		12.05  45.79  458  0.109
	6 41		41.57  16.01  126  0.361
	6 42		43.6   40.84  240  0.923
	6 43		16.1   45.9   477  0.836
	6 44		12.08  24.68  454  0.152
	6 45		37.0   30.92  270  0.051
	6 46		44.61  36.74  325  0.036
	6 47		7.63   25.53  126  0.711
	6 48		7.25   28.25  286  0.978
	6 49		8.91   18.54  453  0.595
	6 50		32.45  38.47  471  0.003
	7 0		37.48  28.01  305  0.282
	7 1		20.1   13.79  483  0.844
	7 2		18.75  16.06  304  0.714
	7 3		11.48  20.94  144  0.869
	7 4		15.69  32.57  312  0.278
	7 5		28.39  41.29  242  0.854
	7 6		8.94   48.03  481  0.975
	7 8		35.09  37.3   432  0.983
	7 9		27.16  13.83  393  0.536
	7 10		7.56   44.83  381  0.565
	7 11		48.54  42.81  372  0.88 
	7 12		27.31  13.02  489  0.694
	7 13		34.32  38.24  457  0.552
	7 14		48.86  13.34  318  0.503
	7 15		32.4   25.69  206  0.865
	7 16		45.51  14.55  124  0.034
	7 17		9.31   21.3   104  0.014
	7 18		21.67  39.55  322  0.213
	7 19		10.29  38.47  423  0.38 
	7 20		36.0   45.54  340  0.215
	7 21		42.43  15.12  233  0.169
	7 22		40.98  15.66  167  0.738
	7 23		14.36  29.58  337  0.02 
	7 24		47.13  23.38  392  0.482
	7 25		40.44  31.87  250  0.612
	7 26		18.97  49.78  440  0.2  
	7 27		27.06  18.44  149  0.641
	7 28		12.32  37.3   311  0.399
	7 29		36.83  47.76  145  0.692
	7 30		21.07  27.35  353  0.041
	7 31		19.9   30.0   133  0.547
	7 32		34.68  34.26  318  0.939
	7 33		25.96  25.51  481  0.99 
	7 34		44.97  19.33  272  0.888
	7 35		39.44  28.56  342  0.048
	7 36		23.81  33.54  482  0.072
	7 37		22.18  48.46  441  0.929
	7 38		24.96  34.76  500  0.304
	7 39		10.26  18.25  366  0.928
	7 40		33.77  39.34  199  0.103
	7 41		44.95  11.77  446  0.973
	7 42		48.08  27.5   330  0.56 
	7 43		8.34   49.95  151  0.335
	7 44		47.17  29.46  162  0.045
	7 45		20.39  36.5   384  0.831
	7 46		36.72  37.36  253  0.433
	7 47		5.49   35.36  145  0.077
	7 48		22.99  37.65  498  0.607
	7 49		38.37  38.54  381  0.606
	7 50		20.28  12.03  274  0.033
	8 0		11.33  18.02  144  0.653
	8 1		42.64  27.33  395  0.937
	8 2		30.92  37.39  247  0.177
	8 3		43.46  47.87  271  0.325
	8 4		13.48  19.59  436  0.593
	8 5		22.81  45.6   451  0.046
	8 6		33.08  22.54  219  0.369
	8 7		14.08  39.44  299  0.923
	8 9		27.87  23.6   202  0.488
	8 10		29.05  26.8   323  0.812
	8 11		49.15  29.6   368  0.615
	8 12		43.68  46.98  343  0.766
	8 13		42.78  37.19  412  0.591
	8 14		8.44   28.89  452  0.259
	8 15		13.66  19.66  104  0.934
	8 16		19.73  34.28  244  0.65 
	8 17		44.95  25.07  471  0.065
	8 18		19.6   33.81  461  0.286
	8 19		36.72  20.96  194  0.501
	8 20		39.16  47.97  188  0.897
	8 21		14.81  39.51  247  0.464
	8 22		28.51  49.8   228  0.728
	8 23		32.76  15.42  144  0.268
	8 24		26.67  28.26  175  0.039
	8 25		48.32  27.95  420  0.576
	8 26		19.33  32.22  182  0.749
	8 27		5.58   47.66  282  0.043
	8 28		48.42  39.61  276  0.851
	8 29		30.58  44.29  166  0.809
	8 30		6.32   17.42  384  0.223
	8 31		9.41   25.81  422  0.542
	8 32		18.11  28.46  465  0.405
	8 33		42.48  38.87  445  0.283
	8 34		48.21  23.02  248  0.205
	8 35		11.02  25.15  428  0.956
	8 36		37.67  41.19  405  0.513
	8 37		19.04  46.71  192  0.031
	8 38		43.65  16.57  342  0.456
	8 39		9.14   32.24  373  0.552
	8 40		19.82  16.51  240  0.032
	8 41		46.16  33.14  126  0.914
	8 42		39.63  34.02  161  0.34 
	8 43		40.44  29.39  240  0.61 
	8 44		44.19  36.4   168  0.211
	8 45		28.21  20.18  489  0.423
	8 46		38.2   47.5   214  0.965
	8 47		32.55  48.95  273  0.743
	8 48		46.2   10.95  144  0.366
	8 49		22.01  10.02  357  0.725
	8 50		23.44  37.75  332  0.913
	9 0		47.3   18.14  433  0.587
	9 1		47.9   23.99  407  0.776
	9 2		43.55  36.79  298  0.454
	9 3		41.79  20.0   161  0.13 
	9 4		13.78  19.49  226  0.445
	9 5		31.36  26.37  380  0.661
	9 6		48.58  36.47  425  0.815
	9 7		42.69  47.47  196  0.767
	9 8		27.68  26.91  130  0.851
	9 10		30.61  14.67  190  0.704
	9 11		18.0   34.03  241  0.657
	9 12		35.19  39.98  378  0.3  
	9 13		21.09  46.82  266  0.993
	9 14		39.37  23.04  151  0.218
	9 15		7.61   11.91  232  0.183
	9 16		42.03  11.74  311  0.575
	9 17		44.68  18.32  153  0.789
	9 18		48.25  45.15  191  0.767
	9 19		13.71  29.54  415  0.062
	9 20		30.28  28.08  288  0.907
	9 21		44.15  20.63  275  0.916
	9 22		13.25  42.15  376  0.554
	9 23		39.6   45.66  404  0.329
	9 24		21.43  48.47  284  0.189
	9 25		22.58  46.08  251  0.572
	9 26		40.34  32.16  294  0.409
	9 27		19.84  32.85  321  0.257
	9 28		6.5    17.79  384  0.848
	9 29		16.69  10.67  476  0.652
	9 30		16.42  47.58  340  0.756
	9 31		31.64  19.85  496  0.567
	9 32		36.12  25.32  446  0.652
	9 33		34.4   17.19  453  0.31 
	9 34		15.36  46.73  100  0.742
	9 35		42.11  24.59  412  0.762
	9 36		23.94  30.71  213  0.43 
	9 37		22.94  11.74  467  0.25 
	9 38		40.13  21.37  483  0.247
	9 39		17.12  25.17  358  0.381
	9 40		21.34  35.9   107  0.457
	9 41		26.51  43.71  401  0.989
	9 42		24.08  46.08  357  0.338
	9 43		20.1   37.69  384  0.816
	9 44		45.6   28.32  387  0.686
	9 45		10.96  40.42  100  0.833
	9 46		8.18   46.55  444  0.763
	9 47		26.03  35.81  185  0.842
	9 48		38.73  44.68  241  0.783
	9 49		47.15  35.39  253  0.165
	9 50		9.83   11.15  244  0.409
	10 0		34.69  19.11  488  0.546
	10 1		40.51  41.65  170  0.833
	10 2		41.18  24.96  200  0.643
	10 3		41.5   11.56  399  0.96 
	10 4		36.58  35.19  309  0.745
	10 5		41.19  36.9   430  0.414
	10 6		10.2   44.87  423  0.866
	10 7		39.23  38.04  174  0.352
	10 8		19.66  15.43  383  0.873
	10 9		36.23  36.19  472  0.663
	10 11		34.38  45.65  397  0.487
	10 12		21.43  44.64  111  0.691
	10 13		17.4   41.73  469  0.117
	10 14		28.26  44.36  357  0.868
	10 15		46.51  48.32  108  0.987
	10 16		30.69  12.09  171  0.628
	10 17		33.07  44.87  184  0.176
	10 18		7.54   34.53  273  0.617
	10 19		19.92  46.18  480  0.606
	10 20		11.54  44.85  446  0.828
	10 21		30.67  24.86  127  0.217
	10 22		17.91  21.19  116  0.319
	10 23		49.81  39.78  319  0.196
	10 24		36.87  17.54  429  0.415
	10 25		46.5   18.77  154  0.744
	10 26		27.97  28.35  182  0.766
	10 27		23.25  24.97  285  0.765
	10 28		9.1    42.21  491  0.241
	10 29		48.87  24.28  183  0.374
	10 30		9.53   13.21  206  0.103
	10 31		9.38   46.32  162  0.645
	10 32		26.83  35.22  320  0.74 
	10 33		41.57  25.64  400  0.761
	10 34		9.55   28.27  497  0.804
	10 35		41.61  17.6   355  0.341
	10 36		27.54  37.86  472  0.448
	10 37		41.09  30.55  496  0.812
	10 38		36.77  33.18  150  0.112
	10 39		7.92   13.71  346  0.563
	10 40		7.82   32.81  303  0.152
	10 41		35.79  47.93  261  0.2  
	10 42		11.85  26.06  398  0.377
	10 43		49.81  14.96  292  0.301
	10 44		18.14  39.43  299  0.688
	10 45		7.03   11.94  453  0.253
	10 46		26.46  24.15  481  0.099
	10 47		15.08  19.12  124  0.713
	10 48		35.67  18.67  249  0.146
	10 49		30.61  10.26  403  0.841
	10 50		5.53   42.53  365  0.648
	11 0		21.99  39.39  227  0.725
	11 1		48.12  13.5   379  0.328
	11 2		27.77  24.93  132  0.897
	11 3		44.87  45.21  437  0.961
	11 4		25.32  30.11  214  0.411
	11 5		40.59  34.17  317  0.147
	11 6		15.58  22.7   184  0.516
	11 7		9.45   18.38  449  0.588
	11 8		16.0   16.36  352  0.406
	11 9		36.03  19.97  294  0.169
	11 10		28.12  18.27  345  0.723
	11 12		48.14  13.0   498  0.956
	11 13		38.6   12.67  473  0.523
	11 14		26.26  16.12  253  0.89 
	11 15		22.9   17.33  137  0.174
	11 16		45.98  39.73  472  0.922
	11 17		28.1   32.7   500  0.921
	11 18		30.97  38.03  139  0.918
	11 19		46.09  49.74  455  0.856
	11 20		30.11  10.79  171  0.793
	11 21		17.12  25.36  162  0.436
	11 22		36.39  11.7   471  0.148
	11 23		34.92  39.91  269  0.885
	11 24		40.11  26.49  169  0.075
	11 25		36.45  12.37  378  0.446
	11 26		22.35  45.88  311  0.892
	11 27		29.2   48.03  288  0.188
	11 28		5.01   18.87  483  0.42 
	11 29		49.31  48.9   463  0.922
	11 30		17.93  45.8   260  0.929
	11 31		25.28  42.49  467  0.693
	11 32		44.18  36.65  187  0.247
	11 33		7.84   29.9   358  0.875
	11 34		40.15  29.9   200  0.137
	11 35		39.64  33.53  391  0.558
	11 36		12.91  32.14  129  0.3  
	11 37		34.39  42.61  374  0.845
	11 38		38.42  10.44  297  0.562
	11 39		38.53  28.67  145  0.057
	11 40		6.52   40.63  429  0.245
	11 41		23.13  36.71  314  0.584
	11 42		40.13  49.86  244  0.88 
	11 43		42.52  16.01  151  0.512
	11 44		16.83  35.97  235  0.684
	11 45		13.56  22.62  149  0.864
	11 46		26.61  35.1   399  0.765
	11 47		9.9    12.93  430  0.621
	11 48		20.45  15.29  308  0.077
	11 49		6.46   31.27  377  0.675
	11 50		24.6   28.31  254  0.477
	12 0		12.49  44.88  388  0.405
	12 1		39.35  25.08  311  0.388
	12 2		32.78  13.57  244  0.568
	12 3		25.87  26.02  223  0.393
	12 4		19.97  48.2   378  0.691
	12 5		10.64  49.78  342  0.813
	12 6		24.9   34.6   315  0.856
	12 7		21.19  27.36  254  0.098
	12 8		36.28  26.26  169  0.307
	12 9		31.83  36.38  177  0.778
	12 10		18.13  27.15  487  0.235
	12 11		48.52  48.34  111  0.061
	12 13		35.93  42.18  453  0.939
	12 14		37.14  43.22  251  0.256
	12 15		33.29  48.22  393  0.548
	12 16		16.2   36.42  170  0.208
	12 17		20.61  12.15  391  0.389
	12 18		23.58  16.08  114  0.218
	12 19		30.22  12.88  288  0.055
	12 20		35.11  11.56  383  0.624
	12 21		11.56  21.57  233  0.9  
	12 22		36.09  10.35  419  0.295
	12 23		32.29  15.87  219  0.093
	12 24		11.52  40.59  482  0.423
	12 25		20.65  23.49  287  0.309
	12 26		12.21  40.02  463  0.508
	12 27		17.65  40.05  275  0.098
	12 28		42.91  19.18  445  0.458
	12 29		5.93   21.84  449  0.865
	12 30		41.32  36.4   214  0.086
	12 31		30.93  34.35  127  0.863
	12 32		42.77  24.83  355  0.589
	12 33		14.86  25.19  175  0.949
	12 34		23.97  33.38  245  0.444
	12 35		24.08  28.63  209  0.994
	12 36		35.66  44.61  397  0.159
	12 37		45.09  17.88  354  0.053
	12 38		47.83  16.83  286  0.928
	12 39		37.13  21.58  105  0.756
	12 40		22.11  20.11  164  0.707
	12 41		46.35  37.4   272  0.005
	12 42		45.14  16.7   305  0.243
	12 43		15.26  49.82  373  0.065
	12 44		46.3   35.21  454  0.602
	12 45		35.99  12.84  110  0.148
	12 46		36.75  43.74  397  0.058
	12 47		11.95  40.57  320  0.529
	12 48		6.07   23.56  143  0.834
	12 49		19.93  23.75  206  0.482
	12 50		25.42  12.44  115  0.427
	13 0		42.61  33.88  346  0.218
	13 1		14.94  46.87  183  0.212
	13 2		7.53   25.87  105  0.933
	13 3		44.29  46.45  384  0.739
	13 4		49.49  49.63  120  0.44 
	13 5		41.53  22.7   122  0.233
	13 6		23.17  37.91  233  0.83 
	13 7		10.46  14.22  465  0.655
	13 8		27.01  48.91  387  0.372
	13 9		16.13  17.54  425  0.307
	13 10		25.23  40.15  419  0.189
	13 11		17.47  14.43  497  0.068
	13 12		18.95  26.81  166  0.051
	13 14		39.79  40.79  267  0.521
	13 15		18.28  20.01  467  0.081
	13 16		22.4   10.27  439  0.616
	13 17		38.79  23.35  297  0.541
	13 18		9.19   24.17  254  0.784
	13 19		27.46  21.88  325  0.988
	13 20		31.58  23.25  245  0.088
	13 21		16.26  36.33  192  0.13 
	13 22		42.15  47.13  458  0.733
	13 23		19.44  26.68  213  0.304
	13 24		24.22  12.19  392  0.275
	13 25		28.91  43.45  495  0.3  
	13 26		13.83  21.27  418  0.959
	13 27		35.62  32.74  142  0.629
	13 28		22.44  35.65  202  0.795
	13 29		47.11  27.83  312  0.308
	13 30		22.41  33.37  449  0.83 
	13 31		49.55  24.77  177  0.484
	13 32		29.58  21.45  183  0.769
	13 33		28.39  45.52  153  0.735
	13 34		22.38  48.33  326  0.378
	13 35		32.45  24.0   190  0.007
	13 36		11.52  44.6   398  0.281
	13 37		41.62  13.93  225  0.837
	13 38		5.68   41.23  129  0.602
	13 39		42.56  24.57  162  0.132
	13 40		19.22  31.47  393  0.905
	13 41		29.97  25.56  211  0.362
	13 42		26.17  44.7   383  0.262
	13 43		15.34  20.89  117  0.948
	13 44		10.82  35.43  379  0.634
	13 45		9.02   27.61  358  0.879
	13 46		49.63  37.82  410  0.644
	13 47		49.47  20.86  355  0.179
	13 48		11.5   17.66  296  0.749
	13 49		44.33  23.57  152  0.41 
	13 50		21.49  47.14  466  0.094
	14 0		16.24  42.16  217  0.687
	14 1		21.49  40.8   428  0.97 
	14 2		45.55  39.04  256  0.886
	14 3		37.6   16.8   384  0.326
	14 4		16.79  22.77  198  0.352
	14 5		46.97  20.38  127  0.313
	14 6		11.43  18.33  491  0.196
	14 7		34.96  27.76  229  0.525
	14 8		31.31  38.49  157  0.256
	14 9		19.92  13.1   459  0.653
	14 10		49.04  44.55  333  0.082
	14 11		49.78  39.19  384  0.313
	14 12		43.38  29.22  495  0.968
	14 13		19.25  37.02  494  0.078
	14 15		31.4   37.69  488  0.314
	14 16		45.76  43.7   373  0.779
	14 17		5.75   34.99  130  0.97 
	14 18		31.84  48.85  415  0.883
	14 19		11.88  48.84  469  0.963
	14 20		39.58  13.84  267  0.691
	14 21		25.43  41.82  451  0.484
	14 22		11.24  18.39  339  0.882
	14 23		39.07  39.88  450  0.009
	14 24		10.03  47.59  347  0.235
	14 25		9.38   15.83  251  0.953
	14 26		49.41  45.86  272  0.9  
	14 27		28.98  35.72  449  0.16 
	14 28		36.06  30.17  310  0.342
	14 29		24.85  32.32  350  0.487
	14 30		15.72  13.44  167  0.029
	14 31		21.2   44.26  379  0.244
	14 32		16.15  37.66  451  0.639
	14 33		6.33   43.05  426  0.535
	14 34		15.73  15.32  475  0.174
	14 35		40.75  31.12  409  0.748
	14 36		39.78  25.29  436  0.974
	14 37		34.8   14.73  119  0.74 
	14 38		7.17   38.03  194  0.224
	14 39		18.93  11.53  333  0.159
	14 40		43.08  16.28  388  0.982
	14 41		49.52  31.45  155  0.245
	14 42		46.48  16.84  409  0.372
	14 43		23.68  24.94  295  0.112
	14 44		37.9   49.28  421  0.32 
	14 45		44.66  15.25  325  0.285
	14 46		5.29   17.48  418  0.94 
	14 47		5.82   16.27  328  0.685
	14 48		45.76  44.26  312  0.771
	14 49		16.04  29.61  314  0.21 
	14 50		27.16  44.66  423  0.913
	15 0		15.84  45.9   104  0.096
	15 1		24.55  12.09  244  0.436
	15 2		28.54  18.05  487  0.986
	15 3		44.06  49.19  169  0.898
	15 4		22.87  16.87  242  0.116
	15 5		8.28   33.2   448  0.866
	15 6		9.5    23.7   457  0.631
	15 7		29.41  32.28  347  0.23 
	15 8		34.33  44.51  150  0.225
	15 9		40.04  26.55  250  0.794
	15 10		49.29  41.26  373  0.068
	15 11		26.95  36.39  134  0.646
	15 12		23.94  28.97  417  0.224
	15 13		10.7   24.34  497  0.445
	15 14		12.24  34.95  331  0.223
	15 16		28.29  12.02  132  0.083
	15 17		30.71  32.54  432  0.413
	15 18		11.46  22.93  478  0.016
	15 19		9.18   34.1   183  0.154
	15 20		29.26  23.64  161  0.22 
	15 21		42.41  29.5   461  0.205
	15 22		32.74  40.98  371  0.49 
	15 23		27.45  20.44  476  0.175
	15 24		28.64  40.91  268  0.198
	15 25		17.91  16.97  216  0.882
	15 26		47.21  34.88  360  0.566
	15 27		48.63  35.72  191  0.914
	15 28		41.13  35.54  420  0.441
	15 29		17.45  49.56  169  0.977
	15 30		26.06  19.44  479  0.083
	15 31		43.64  17.56  318  0.726
	15 32		16.42  34.1   212  0.989
	15 33		13.32  42.06  187  0.873
	15 34		23.64  42.93  121  0.102
	15 35		34.98  45.73  424  0.269
	15 36		29.93  22.21  417  0.38 
	15 37		11.38  45.03  192  0.884
	15 38		21.45  42.69  256  0.787
	15 39		14.31  48.97  207  0.465
	15 40		18.7   38.34  330  0.908
	15 41		7.92   29.99  211  0.63 
	15 42		6.02   32.67  401  0.653
	15 43		44.76  34.77  426  0.236
	15 44		17.59  17.92  440  0.062
	15 45		20.62  36.08  352  0.943
	15 46		12.17  41.33  242  0.728
	15 47		11.56  33.87  427  0.43 
	15 48		38.4   24.99  335  0.468
	15 49		24.33  45.8   179  0.749
	15 50		47.56  10.0   353  0.9  
	16 0		39.53  43.57  253  0.001
	16 1		39.08  47.3   161  0.483
	16 2		47.49  34.11  476  0.42 
	16 3		12.42  24.74  112  0.137
	16 4		23.81  30.69  491  0.911
	16 5		28.69  24.99  157  0.83 
	16 6		9.53   20.23  130  0.719
	16 7		12.65  17.16  159  0.447
	16 8		8.19   44.33  480  0.612
	16 9		47.95  41.96  468  0.145
	16 10		7.56   20.82  218  0.691
	16 11		46.89  43.51  146  0.444
	16 12		15.5   22.7   210  0.318
	16 13		35.22  10.15  360  0.271
	16 14		11.83  39.41  232  0.787
	16 15		23.67  44.41  276  0.757
	16 17		46.24  14.29  131  0.702
	16 18		40.62  49.06  297  0.871
	16 19		41.36  42.56  381  0.46 
	16 20		7.12   47.56  152  0.998
	16 21		37.8   43.32  478  0.786
	16 22		5.25   21.21  195  0.52 
	16 23		38.29  18.95  279  0.678
	16 24		32.96  36.2   408  0.011
	16 25		9.48   23.65  334  0.543
	16 26		36.68  38.9   329  0.524
	16 27		39.95  30.22  367  0.05 
	16 28		34.83  29.89  495  0.338
	16 29		29.39  17.66  349  0.769
	16 30		20.33  14.44  473  0.92 
	16 31		7.85   24.47  131  0.606
	16 32		43.21  34.3   200  0.932
	16 33		46.85  31.01  385  0.971
	16 34		22.97  16.59  355  0.257
	16 35		26.55  42.31  262  0.568
	16 36		36.02  44.12  209  0.219
	16 37		5.4    29.69  175  0.677
	16 38		11.03  16.48  272  0.909
	16 39		6.13   40.74  349  0.958
	16 40		21.1   30.35  140  0.964
	16 41		29.57  20.46  274  0.491
	16 42		5.52   35.27  488  0.522
	16 43		36.08  49.12  101  0.25 
	16 44		14.3   20.25  137  0.239
	16 45		32.18  18.91  387  0.951
	16 46		30.33  34.38  379  0.302
	16 47		32.32  48.79  318  0.755
	16 48		10.48  10.55  492  0.748
	16 49		41.99  24.24  424  0.113
	16 50		44.91  45.77  266  0.971
	17 0		27.83  31.7   369  0.524
	17 1		11.45  14.84  220  0.654
	17 2		36.73  42.8   333  0.703
	17 3		11.04  14.26  280  0.432
	17 4		46.09  47.09  398  0.654
	17 5		32.42  22.24  331  0.753
	17 6		15.56  25.43  348  0.936
	17 7		16.8   43.75  126  0.955
	17 8		36.72  13.65  434  0.179
	17 9		47.61  40.2   270  0.251
	17 10		12.13  36.08  445  0.918
	17 11		15.13  37.03  114  0.831
	17 12		33.19  47.96  439  0.233
	17 13		28.95  35.5   114  0.241
	17 14		31.82  32.38  277  0.919
	17 15		18.44  42.23  370  0.383
	17 16		19.43  46.41  256  0.696
	17 18		19.35  44.41  250  0.235
	17 19		21.93  21.63  395  0.639
	17 20		22.66  19.5   271  0.386
	17 21		37.09  49.3   476  0.986
	17 22		18.53  40.14  340  0.419
	17 23		19.39  44.59  230  0.418
	17 24		7.1    36.04  100  0.193
	17 25		23.54  48.23  176  0.598
	17 26		6.59   24.22  179  0.599
	17 27		48.34  11.71  463  0.32 
	17 28		49.79  28.83  397  0.856
	17 29		5.58   31.79  208  0.34 
	17 30		25.35  11.0   193  0.747
	17 31		31.83  35.29  358  0.887
	17 32		28.5   22.85  238  0.971
	17 33		9.54   34.52  184  0.249
	17 34		30.6   37.3   434  0.595
	17 35		23.87  37.54  272  0.207
	17 36		24.41  32.1   216  0.758
	17 37		29.46  16.95  134  0.619
	17 38		5.53   20.55  337  0.61 
	17 39		21.09  40.54  436  0.245
	17 40		20.79  45.27  158  0.269
	17 41		29.05  17.96  396  0.512
	17 42		19.94  15.13  367  0.178
	17 43		6.54   48.62  416  0.986
	17 44		35.93  40.47  148  0.234
	17 45		46.24  29.64  279  0.274
	17 46		47.75  35.19  201  0.635
	17 47		12.78  33.79  332  0.78 
	17 48		13.08  11.67  455  0.835
	17 49		24.46  38.4   312  0.434
	17 50		31.38  19.49  285  0.362
	18 0		48.48  13.81  143  0.532
	18 1		23.5   47.96  237  0.206
	18 2		40.64  46.55  418  0.913
	18 3		11.4   24.22  158  0.686
	18 4		29.77  35.81  247  0.72 
	18 5		27.54  20.25  499  0.416
	18 6		33.32  34.49  132  0.512
	18 7		8.13   41.04  163  0.414
	18 8		40.23  41.17  352  0.215
	18 9		11.24  28.08  441  0.969
	18 10		9.03   27.91  343  0.318
	18 11		26.57  12.62  196  0.979
	18 12		12.25  34.52  396  0.712
	18 13		22.05  34.51  281  0.456
	18 14		33.21  41.73  423  0.701
	18 15		11.4   44.55  485  0.144
	18 16		26.44  25.99  419  0.615
	18 17		26.76  29.39  365  0.908
	18 19		10.22  12.74  294  0.723
	18 20		35.22  13.9   306  0.962
	18 21		30.14  25.81  456  0.23 
	18 22		5.67   47.53  101  0.43 
	18 23		17.97  19.37  177  0.387
	18 24		33.85  32.28  348  0.315
	18 25		48.73  19.38  216  0.247
	18 26		49.54  47.68  144  0.782
	18 27		5.27   35.11  330  0.969
	18 28		26.37  43.44  268  0.302
	18 29		9.62   37.71  391  0.279
	18 30		36.29  37.77  159  0.106
	18 31		35.44  13.75  306  0.89 
	18 32		9.82   10.03  495  0.13 
	18 33		49.57  10.26  306  0.586
	18 34		46.12  18.52  468  0.576
	18 35		41.61  46.56  210  0.077
	18 36		16.08  36.17  264  0.648
	18 37		15.2   46.96  355  0.828
	18 38		41.95  21.36  262  0.926
	18 39		25.77  27.8   440  0.536
	18 40		26.12  33.86  123  0.46 
	18 41		19.4   11.91  307  0.361
	18 42		16.5   45.07  408  0.969
	18 43		8.24   14.58  165  0.087
	18 44		42.05  31.44  242  0.102
	18 45		33.51  28.02  429  0.629
	18 46		7.56   30.66  347  0.418
	18 47		44.83  11.62  387  0.311
	18 48		8.32   30.09  427  0.932
	18 49		20.89  27.49  317  0.362
	18 50		24.9   24.08  459  0.983
	19 0		8.07   32.33  381  0.65 
	19 1		17.73  29.54  361  0.61 
	19 2		48.06  39.43  378  0.12 
	19 3		43.74  34.12  440  0.019
	19 4		14.72  19.16  442  0.455
	19 5		45.46  44.86  294  0.91 
	19 6		36.41  40.31  466  0.711
	19 7		19.5   23.08  200  0.565
	19 8		38.69  11.32  441  0.716
	19 9		8.45   22.33  280  0.993
	19 10		12.95  40.39  122  0.165
	19 11		47.85  32.06  189  0.207
	19 12		8.25   37.16  281  0.569
	19 13		32.08  41.47  412  0.339
	19 14		18.12  43.35  452  0.692
	19 15		7.25   37.05  438  0.142
	19 16		14.1   34.01  229  0.069
	19 17		25.21  39.13  493  0.881
	19 18		5.59   23.38  230  0.622
	19 20		22.37  13.85  294  0.017
	19 21		46.28  12.13  305  0.949
	19 22		27.4   39.61  387  0.03 
	19 23		32.88  46.6   163  0.74 
	19 24		31.37  25.21  322  0.344
	19 25		19.07  12.65  185  0.636
	19 26		22.66  11.76  144  0.331
	19 27		40.68  16.52  198  0.484
	19 28		9.95   20.82  156  0.939
	19 29		49.19  45.44  339  0.137
	19 30		10.18  34.22  479  0.172
	19 31		39.04  45.42  250  0.993
	19 32		11.77  21.41  470  0.261
	19 33		10.75  22.11  428  0.083
	19 34		45.31  36.56  182  0.673
	19 35		38.47  46.88  206  0.391
	19 36		9.36   14.39  483  0.778
	19 37		8.81   23.78  462  0.072
	19 38		29.76  49.21  204  0.579
	19 39		39.41  47.96  148  0.698
	19 40		8.3    25.51  137  0.491
	19 41		47.16  23.49  383  0.93 
	19 42		19.52  34.95  272  0.122
	19 43		45.7   28.96  232  0.75 
	19 44		20.99  37.59  153  0.209
	19 45		30.45  12.7   476  0.034
	19 46		36.82  33.06  486  0.658
	19 47		49.45  19.76  443  0.317
	19 48		31.94  36.3   160  0.225
	19 49		47.59  31.6   450  0.892
	19 50		19.31  35.14  263  0.412
	20 0		30.26  24.64  355  0.77 
	20 1		34.62  10.1   169  0.732
	20 2		25.42  11.2   155  0.645
	20 3		46.2   33.56  413  0.612
	20 4		7.58   25.68  382  0.23 
	20 5		31.42  44.31  379  0.095
	20 6		31.95  47.47  333  0.63 
	20 7		10.27  43.61  393  0.416
	20 8		38.73  44.74  342  0.824
	20 9		29.84  37.89  391  0.92 
	20 10		29.1   20.77  404  0.61 
	20 11		39.68  40.55  210  0.698
	20 12		28.81  37.87  403  0.743
	20 13		18.59  24.09  468  0.505
	20 14		48.37  25.39  321  0.189
	20 15		32.05  24.48  150  0.582
	20 16		33.15  49.6   410  0.076
	20 17		26.59  24.16  135  0.059
	20 18		18.16  24.59  448  0.626
	20 19		6.66   48.52  474  0.989
	20 21		26.19  49.99  238  0.663
	20 22		46.8   24.22  195  0.555
	20 23		20.54  23.48  392  0.019
	20 24		19.49  14.98  204  0.258
	20 25		18.34  30.82  468  0.647
	20 26		10.46  37.98  245  0.295
	20 27		8.11   26.11  469  0.145
	20 28		35.2   32.63  129  0.434
	20 29		40.59  21.94  310  0.632
	20 30		46.07  49.92  292  0.703
	20 31		13.3   20.43  229  0.914
	20 32		12.22  49.71  426  0.2  
	20 33		40.38  28.34  403  0.642
	20 34		40.0   49.84  220  0.025
	20 35		35.59  13.54  184  0.083
	20 36		27.35  31.69  206  0.421
	20 37		9.11   24.22  206  0.456
	20 38		25.07  48.26  438  0.711
	20 39		13.65  47.29  164  0.924
	20 40		33.62  34.01  492  0.537
	20 41		5.99   24.88  477  0.108
	20 42		8.76   30.21  410  0.78 
	20 43		48.14  13.12  363  0.04 
	20 44		10.96  46.54  297  0.934
	20 45		5.51   34.56  235  0.37 
	20 46		39.05  45.41  380  0.256
	20 47		33.45  29.87  188  0.239
	20 48		27.62  35.63  318  0.434
	20 49		39.48  20.55  243  0.753
	20 50		16.3   26.51  218  0.223
	21 0		49.59  18.35  342  0.216
	21 1		40.0   11.13  235  0.503
	21 2		34.78  49.92  220  0.862
	21 3		37.93  38.18  269  0.352
	21 4		24.1   32.67  132  0.454
	21 5		5.31   14.04  370  0.435
	21 6		41.43  31.12  297  0.499
	21 7		31.28  49.42  284  0.04 
	21 8		40.82  21.37  467  0.128
	21 9		27.25  35.05  474  0.912
	21 10		27.88  21.78  338  0.397
	21 11		41.97  18.55  109  0.288
	21 12		23.08  37.06  408  0.612
	21 13		34.3   44.65  405  0.069
	21 14		16.23  32.62  144  0.778
	21 15		23.77  46.03  400  0.804
	21 16		17.85  29.48  201  0.557
	21 17		11.88  27.02  266  0.782
	21 18		9.96   45.7   477  0.769
	21 19		25.96  22.25  138  0.245
	21 20		18.26  30.95  482  0.492
	21 22		14.17  39.75  262  0.409
	21 23		38.82  13.62  316  0.028
	21 24		13.51  40.21  455  0.491
	21 25		22.11  37.89  396  0.468
	21 26		14.31  12.12  172  0.318
	21 27		19.56  25.05  184  0.396
	21 28		41.37  11.55  334  0.54 
	21 29		13.6   25.12  167  0.211
	21 30		37.28  14.2   209  0.591
	21 31		7.77   26.32  349  0.699
	21 32		6.22   26.62  224  0.783
	21 33		26.07  49.44  205  0.679
	21 34		8.88   23.97  427  0.387
	21 35		42.85  31.62  117  0.82 
	21 36		39.31  40.92  372  0.452
	21 37		32.93  10.23  377  0.674
	21 38		36.2   20.98  285  0.208
	21 39		5.98   41.93  338  0.195
	21 40		18.0   10.36  174  0.651
	21 41		14.83  39.95  469  0.712
	21 42		36.66  28.29  479  0.49 
	21 43		28.46  47.64  265  0.145
	21 44		16.23  13.38  330  0.776
	21 45		23.55  13.12  462  0.485
	21 46		16.47  19.9   480  0.972
	21 47		8.22   34.22  251  0.65 
	21 48		22.76  42.44  456  0.272
	21 49		36.99  48.17  409  0.592
	21 50		32.01  14.61  153  0.428
	22 0		9.54   20.03  323  0.35 
	22 1		23.16  37.58  386  0.61 
	22 2		47.82  33.15  386  0.64 
	22 3		44.01  14.48  346  0.466
	22 4		23.08  18.15  262  0.976
	22 5		13.73  31.26  397  0.537
	22 6		29.35  28.69  333  0.804
	22 7		24.9   27.29  219  0.875
	22 8		32.9   15.45  290  0.41 
	22 9		46.46  36.23  116  0.252
	22 10		7.48   29.68  499  0.188
	22 11		17.55  48.01  348  0.994
	22 12		49.93  15.8   363  0.659
	22 13		46.02  29.88  336  0.65 
	22 14		11.54  47.13  270  0.527
	22 15		37.12  32.35  198  0.375
	22 16		9.2    43.15  303  0.363
	22 17		34.8   23.5   338  0.75 
	22 18		9.74   26.68  334  0.84 
	22 19		12.68  16.54  406  0.69 
	22 20		46.42  30.69  263  0.933
	22 21		49.98  18.81  236  0.485
	22 23		46.8   17.41  402  0.856
	22 24		44.61  28.34  377  0.717
	22 25		14.03  47.12  401  0.871
	22 26		44.48  11.82  380  0.101
	22 27		25.69  38.67  158  0.438
	22 28		38.84  16.11  303  0.099
	22 29		45.97  13.03  423  0.128
	22 30		34.51  13.41  107  0.867
	22 31		37.41  35.5   141  0.549
	22 32		31.63  25.55  279  0.502
	22 33		8.38   14.67  109  0.132
	22 34		6.32   35.16  137  0.558
	22 35		48.21  45.58  416  0.308
	22 36		43.1   15.71  499  0.01 
	22 37		35.44  46.25  173  0.377
	22 38		45.86  27.16  155  0.711
	22 39		24.69  43.57  343  0.458
	22 40		37.53  29.02  321  0.792
	22 41		33.87  39.76  265  0.692
	22 42		19.29  12.43  474  0.74 
	22 43		6.77   22.83  306  0.723
	22 44		35.05  28.5   428  0.644
	22 45		43.67  23.79  212  0.147
	22 46		9.47   17.72  232  0.472
	22 47		11.38  12.85  167  0.978
	22 48		42.07  39.82  341  0.762
	22 49		15.92  31.74  352  0.931
	22 50		5.67   34.53  373  0.539
	23 0		17.43  36.85  473  0.4  
	23 1		14.16  29.46  153  0.055
	23 2		8.82   24.47  408  0.772
	23 3		37.8   47.16  176  0.055
	23 4		23.3   12.89  194  0.216
	23 5		21.79  26.13  437  0.442
	23 6		11.97  37.01  203  0.667
	23 7		37.12  26.78  449  0.556
	23 8		5.75   35.53  100  0.572
	23 9		13.43  23.82  159  0.873
	23 10		47.47  12.72  452  0.459
	23 11		12.77  17.33  454  0.39 
	23 12		21.65  48.22  435  0.797
	23 13		37.52  44.6   352  0.641
	23 14		34.92  15.26  393  0.571
	23 15		49.46  43.21  373  0.922
	23 16		48.04  31.02  272  0.4  
	23 17		17.22  39.83  312  0.875
	23 18		28.43  32.94  385  0.278
	23 19		19.01  33.04  339  0.869
	23 20		26.83  29.08  132  0.165
	23 21		29.73  15.23  220  0.306
	23 22		5.73   25.87  316  0.072
	23 24		5.56   48.18  214  0.808
	23 25		48.27  30.56  427  0.167
	23 26		23.16  48.48  139  0.791
	23 27		29.98  36.23  458  0.956
	23 28		36.43  35.52  184  0.161
	23 29		39.52  43.48  319  0.405
	23 30		25.63  43.01  170  0.299
	23 31		11.72  38.38  180  0.79 
	23 32		12.53  16.91  196  0.206
	23 33		27.97  34.95  199  0.77 
	23 34		36.44  41.15  491  0.266
	23 35		40.77  32.67  113  0.998
	23 36		25.56  15.77  400  0.197
	23 37		8.13   17.49  382  0.413
	23 38		12.77  28.53  222  0.164
	23 39		26.21  10.36  258  0.612
	23 40		20.25  14.68  121  0.354
	23 41		33.06  11.72  424  0.906
	23 42		40.13  31.93  125  0.039
	23 43		13.59  21.11  125  0.072
	23 44		33.95  41.63  321  0.033
	23 45		18.52  28.15  297  0.579
	23 46		9.38   43.48  452  0.056
	23 47		44.91  37.52  229  0.514
	23 48		9.79   27.09  123  0.138
	23 49		13.11  13.9   458  0.013
	23 50		24.03  46.9   291  0.285
	24 0		26.75  25.92  495  0.783
	24 1		36.38  40.98  426  0.295
	24 2		29.42  18.87  260  0.774
	24 3		16.68  39.84  422  0.372
	24 4		24.76  47.95  205  0.403
	24 5		18.14  41.2   440  0.717
	24 6		38.55  15.13  411  0.744
	24 7		24.37  10.43  271  0.376
	24 8		15.56  39.64  106  0.551
	24 9		38.19  16.97  207  0.007
	24 10		13.75  19.46  178  0.676
	24 11		26.43  39.34  363  0.278
	24 12		38.75  15.47  369  0.499
	24 13		29.28  37.98  108  0.432
	24 14		20.69  41.73  476  0.414
	24 15		49.67  43.28  440  0.825
	24 16		33.61  38.97  229  0.133
	24 17		44.79  46.96  139  0.89 
	24 18		24.57  42.21  398  0.406
	24 19		28.65  29.28  358  0.368
	24 20		26.6   34.7   336  0.064
	24 21		29.43  18.74  343  0.476
	24 22		7.42   16.85  255  0.649
	24 23		43.32  24.29  332  0.458
	24 25		18.52  39.22  216  0.619
	24 26		11.45  16.37  110  0.496
	24 27		10.32  14.13  368  0.608
	24 28		47.76  44.64  104  0.75 
	24 29		40.93  47.31  127  0.325
	24 30		45.07  27.51  497  0.812
	24 31		47.5   21.38  329  0.531
	24 32		38.44  40.76  248  0.613
	24 33		43.26  14.55  102  0.596
	24 34		29.34  49.96  176  0.25 
	24 35		29.06  33.39  353  0.86 
	24 36		45.16  29.41  447  0.192
	24 37		25.36  28.83  432  0.119
	24 38		27.26  27.04  375  0.103
	24 39		41.69  36.65  211  0.209
	24 40		8.14   18.04  121  0.082
	24 41		5.34   47.06  109  0.837
	24 42		12.47  24.2   143  0.702
	24 43		33.42  15.77  419  0.815
	24 44		46.82  31.48  163  0.938
	24 45		25.06  15.1   235  0.922
	24 46		33.4   18.06  125  0.693
	24 47		8.33   27.81  316  0.196
	24 48		46.17  37.93  197  0.312
	24 49		5.85   45.39  493  0.73 
	24 50		18.74  46.59  124  0.814
	25 0		48.52  41.68  410  0.445
	25 1		30.87  40.29  396  0.097
	25 2		30.45  31.46  454  0.233
	25 3		30.88  27.02  413  0.168
	25 4		36.07  46.24  487  0.671
	25 5		48.51  37.67  341  0.978
	25 6		34.98  20.13  461  0.022
	25 7		44.61  37.41  345  0.337
	25 8		5.33   22.7   339  0.469
	25 9		7.04   36.14  157  0.993
	25 10		35.98  25.69  465  0.882
	25 11		32.33  14.11  188  0.752
	25 12		34.82  20.81  322  0.211
	25 13		26.99  49.16  469  0.809
	25 14		45.34  31.01  437  0.003
	25 15		40.68  23.64  227  0.248
	25 16		6.34   24.65  162  0.342
	25 17		39.48  23.37  461  0.966
	25 18		6.28   16.78  170  0.095
	25 19		22.52  28.76  406  0.266
	25 20		46.14  40.56  415  0.911
	25 21		16.85  13.97  478  0.218
	25 22		22.95  16.47  360  0.376
	25 23		40.95  39.52  456  0.582
	25 24		44.24  16.49  480  0.148
	25 26		47.83  35.72  215  0.676
	25 27		45.46  16.14  430  0.352
	25 28		32.25  46.47  463  0.241
	25 29		25.65  43.7   346  0.378
	25 30		8.29   38.85  282  0.281
	25 31		18.43  40.59  218  0.634
	25 32		29.76  10.08  442  0.952
	25 33		5.58   22.4   321  0.051
	25 34		36.03  25.18  185  0.282
	25 35		21.27  25.22  127  0.35 
	25 36		34.35  28.01  252  0.074
	25 37		14.62  17.98  463  0.916
	25 38		36.33  36.85  110  0.021
	25 39		14.27  44.67  126  0.55 
	25 40		36.65  12.59  401  0.413
	25 41		21.94  35.43  324  0.1  
	25 42		48.02  11.37  251  0.972
	25 43		19.87  36.46  415  0.429
	25 44		47.12  36.2   336  0.674
	25 45		43.11  23.92  151  0.72 
	25 46		8.98   29.59  206  0.269
	25 47		28.43  12.44  369  0.823
	25 48		31.69  38.69  312  0.304
	25 49		46.15  42.07  434  0.395
	25 50		49.96  11.49  317  0.363
	26 0		8.41   44.79  140  0.837
	26 1		34.85  33.85  445  0.683
	26 2		33.56  22.35  314  0.396
	26 3		43.55  40.78  178  0.295
	26 4		12.47  45.79  461  0.725
	26 5		6.72   25.71  311  0.529
	26 6		38.44  36.77  434  0.053
	26 7		15.91  34.86  394  0.757
	26 8		20.24  24.25  345  0.706
	26 9		31.16  27.45  263  0.094
	26 10		34.69  10.54  487  0.927
	26 11		44.78  11.08  349  0.914
	26 12		15.14  23.47  386  0.655
	26 13		37.17  17.2   433  0.269
	26 14		11.34  28.75  297  0.408
	26 15		39.83  48.82  151  0.818
	26 16		49.44  37.61  426  0.698
	26 17		46.7   34.18  197  0.702
	26 18		17.55  25.9   331  0.849
	26 19		36.8   26.29  373  0.288
	26 20		19.19  11.28  205  0.213
	26 21		7.12   44.74  427  0.316
	26 22		20.28  25.56  495  0.799
	26 23		23.02  31.26  497  0.939
	26 24		10.4   41.5   253  0.719
	26 25		41.48  15.67  230  0.861
	26 27		39.27  26.71  114  0.182
	26 28		27.96  28.67  147  0.544
	26 29		29.29  22.5   368  0.334
	26 30		13.39  23.88  324  0.249
	26 31		43.5   49.74  175  0.695
	26 32		19.97  28.04  180  0.542
	26 33		49.79  44.77  144  0.617
	26 34		19.36  36.19  419  0.413
	26 35		43.08  24.24  421  0.651
	26 36		44.4   41.0   122  0.818
	26 37		42.86  12.09  391  0.065
	26 38		27.8   39.06  494  0.883
	26 39		33.58  26.15  433  0.83 
	26 40		11.02  14.8   333  0.229
	26 41		34.31  26.3   317  0.282
	26 42		9.93   28.66  318  0.137
	26 43		35.02  34.87  219  1.0  
	26 44		42.28  31.17  393  0.443
	26 45		27.6   48.8   329  0.392
	26 46		46.91  27.15  295  0.148
	26 47		15.46  25.57  127  0.981
	26 48		49.32  10.62  422  0.012
	26 49		38.56  14.91  405  0.806
	26 50		42.58  30.63  245  0.441
	27 0		38.36  21.92  369  0.275
	27 1		39.01  40.62  425  0.367
	27 2		8.95   44.12  449  0.572
	27 3		43.22  24.24  412  0.94 
	27 4		33.43  18.19  382  0.281
	27 5		29.05  16.31  110  0.529
	27 6		39.91  34.01  201  0.08 
	27 7		42.61  18.68  440  0.004
	27 8		36.42  38.32  258  0.528
	27 9		30.47  37.5   348  0.23 
	27 10		17.01  14.79  472  0.655
	27 11		8.74   12.95  454  0.227
	27 12		7.42   34.65  249  0.677
	27 13		27.61  39.21  232  0.759
	27 14		29.03  41.43  149  0.627
	27 15		31.77  38.3   207  0.915
	27 16		12.58  18.88  350  0.502
	27 17		23.93  25.94  341  0.126
	27 18		6.49   28.89  500  0.075
	27 19		12.97  44.73  356  0.219
	27 20		24.13  49.93  407  0.402
	27 21		7.0    14.09  469  0.384
	27 22		12.48  40.03  344  0.056
	27 23		27.78  41.77  151  0.786
	27 24		23.21  37.05  217  0.37 
	27 25		48.99  14.79  441  0.112
	27 26		12.21  32.18  230  0.551
	27 28		30.06  27.61  244  0.703
	27 29		37.48  44.83  491  0.926
	27 30		21.53  10.03  138  0.617
	27 31		9.36   30.63  215  0.845
	27 32		47.42  12.66  255  0.852
	27 33		35.34  31.1   414  0.315
	27 34		6.65   29.0   217  0.18 
	27 35		32.02  25.8   396  0.09 
	27 36		36.94  37.8   201  0.013
	27 37		8.72   22.89  372  0.291
	27 38		20.74  20.28  328  0.728
	27 39		36.0   17.65  442  0.829
	27 40		10.98  47.79  403  0.318
	27 41		26.73  15.02  460  0.338
	27 42		13.13  17.62  201  0.523
	27 43		33.93  35.57  393  0.649
	27 44		48.34  21.38  182  0.332
	27 45		48.7   25.78  458  0.264
	27 46		21.11  48.6   187  0.306
	27 47		10.14  33.63  323  0.875
	27 48		33.25  19.19  418  0.717
	27 49		28.33  11.97  251  0.357
	27 50		26.7   49.28  335  0.913
	28 0		20.64  45.6   343  0.995
	28 1		36.92  10.14  268  0.95 
	28 2		32.67  12.29  162  0.54 
	28 3		36.52  23.33  416  0.476
	28 4		21.19  15.21  162  0.658
	28 5		24.45  17.11  138  0.084
	28 6		27.07  30.68  236  0.705
	28 7		49.61  29.0   349  0.79 
	28 8		22.71  21.7   371  0.514
	28 9		38.41  10.16  170  0.271
	28 10		25.05  16.7   306  0.279
	28 11		17.34  42.09  448  0.214
	28 12		28.57  33.9   470  0.747
	28 13		6.35   10.72  470  0.331
	28 14		19.56  49.92  263  0.121
	28 15		6.02   45.33  324  0.053
	28 16		42.98  26.26  207  0.091
	28 17		14.26  39.87  241  0.778
	28 18		40.2   42.28  251  0.458
	28 19		23.51  26.98  179  0.771
	28 20		32.39  39.55  148  0.629
	28 21		49.96  34.77  334  0.992
	28 22		10.56  22.8   437  0.551
	28 23		23.32  27.96  314  0.359
	28 24		14.96  11.32  258  0.791
	28 25		22.25  28.36  319  0.401
	28 26		31.1   27.97  338  0.881
	28 27		37.58  33.33  269  0.375
	28 29		40.39  44.54  373  0.228
	28 30		34.34  15.44  475  0.962
	28 31		43.82  28.2   489  0.611
	28 32		30.87  41.15  200  0.697
	28 33		23.18  46.56  154  0.872
	28 34		32.42  21.32  337  0.409
	28 35		17.09  39.33  391  0.124
	28 36		20.48  12.71  471  0.892
	28 37		10.42  36.32  476  0.01 
	28 38		45.14  26.87  474  0.852
	28 39		27.69  15.68  260  0.528
	28 40		31.09  20.94  342  0.455
	28 41		16.88  49.83  366  0.545
	28 42		48.0   31.19  307  0.313
	28 43		47.6   41.04  156  0.785
	28 44		34.53  35.81  171  0.461
	28 45		46.37  41.78  237  0.312
	28 46		47.93  13.76  321  0.627
	28 47		27.88  29.9   209  0.759
	28 48		32.26  14.23  154  0.815
	28 49		19.98  22.33  152  0.999
	28 50		7.19   21.92  274  0.7  
	29 0		36.14  41.25  426  0.31 
	29 1		12.52  35.6   116  0.895
	29 2		46.85  45.01  394  0.635
	29 3		8.6    45.55  360  0.102
	29 4		45.8   47.69  350  0.577
	29 5		37.27  31.58  436  0.716
	29 6		8.62   22.13  498  0.847
	29 7		11.56  22.06  500  0.829
	29 8		37.54  45.43  377  0.205
	29 9		44.08  45.82  111  0.534
	29 10		6.77   17.18  286  0.684
	29 11		24.18  39.42  427  0.868
	29 12		14.62  30.89  415  0.097
	29 13		21.32  34.88  484  0.981
	29 14		16.07  49.97  363  0.343
	29 15		46.54  11.79  115  0.997
	29 16		33.61  40.2   483  0.488
	29 17		41.58  49.44  288  0.417
	29 18		15.65  49.81  242  0.308
	29 19		48.28  10.98  406  0.932
	29 20		29.76  26.26  231  0.622
	29 21		42.16  27.7   439  0.063
	29 22		48.83  13.66  253  0.936
	29 23		19.49  48.86  446  0.832
	29 24		42.14  33.33  387  0.185
	29 25		41.5   32.1   200  0.161
	29 26		40.07  24.97  197  0.795
	29 27		41.41  14.41  318  0.999
	29 28		25.09  24.96  142  0.347
	29 30		41.55  11.88  185  0.608
	29 31		35.25  34.43  215  0.634
	29 32		10.15  33.74  449  0.522
	29 33		19.8   27.64  358  0.566
	29 34		46.96  46.32  458  0.257
	29 35		31.52  39.16  284  0.739
	29 36		12.0   38.27  492  0.25 
	29 37		42.54  23.9   168  0.913
	29 38		30.27  37.06  323  0.033
	29 39		39.07  33.99  216  0.117
	29 40		18.21  36.65  231  0.231
	29 41		41.43  12.5   465  0.689
	29 42		17.58  47.39  141  0.418
	29 43		43.39  32.75  283  0.641
	29 44		26.56  36.78  272  0.393
	29 45		17.5   28.48  380  0.135
	29 46		7.38   42.33  160  0.694
	29 47		26.64  19.14  480  0.437
	29 48		22.34  38.02  305  0.684
	29 49		17.15  20.14  312  0.941
	29 50		19.79  31.33  265  0.899
	30 0		45.14  44.44  453  0.833
	30 1		38.02  28.17  270  0.457
	30 2		33.49  11.62  243  0.064
	30 3		47.61  34.98  476  0.981
	30 4		31.42  33.16  401  0.216
	30 5		33.44  10.25  338  0.894
	30 6		36.18  33.43  398  0.399
	30 7		30.63  19.25  142  0.606
	30 8		19.02  18.62  461  0.375
	30 9		38.97  48.56  207  0.465
	30 10		36.66  45.24  111  0.944
	30 11		28.92  30.17  455  0.593
	30 12		31.92  13.49  434  0.64 
	30 13		7.21   13.38  323  0.144
	30 14		25.62  19.96  405  0.628
	30 15		15.38  24.98  444  0.624
	30 16		35.32  28.27  307  0.747
	30 17		14.21  39.04  435  0.985
	30 18		32.23  22.63  156  0.722
	30 19		16.01  21.28  491  0.439
	30 20		44.82  17.07  430  0.528
	30 21		6.84   20.02  313  0.356
	30 22		20.34  25.25  169  0.797
	30 23		5.13   26.11  480  0.479
	30 24		19.24  10.36  212  0.132
	30 25		38.57  24.58  310  0.829
	30 26		41.89  16.15  455  0.627
	30 27		11.84  47.27  341  0.763
	30 28		6.78   34.49  267  0.929
	30 29		33.62  14.73  102  0.56 
	30 31		37.12  12.2   474  0.932
	30 32		20.22  47.48  222  0.689
	30 33		19.57  25.65  256  0.351
	30 34		27.57  46.96  451  0.387
	30 35		12.66  21.84  125  0.956
	30 36		5.8    40.82  147  0.374
	30 37		40.82  11.29  402  0.76 
	30 38		12.44  39.72  259  0.555
	30 39		16.41  47.35  445  0.067
	30 40		27.31  47.38  306  0.691
	30 41		16.65  45.05  276  0.24 
	30 42		42.35  27.26  176  0.339
	30 43		10.72  21.53  494  0.279
	30 44		6.02   32.14  138  0.081
	30 45		24.85  17.23  139  0.161
	30 46		37.17  34.6   252  0.658
	30 47		19.12  36.12  113  0.102
	30 48		37.81  17.07  331  0.445
	30 49		24.21  12.28  197  0.021
	30 50		25.16  15.26  447  0.662
	31 0		5.69   16.26  129  0.053
	31 1		44.1   44.51  152  0.603
	31 2		19.92  39.58  400  0.273
	31 3		14.7   18.09  293  0.724
	31 4		31.36  41.47  497  0.907
	31 5		36.38  36.07  468  0.143
	31 6		47.87  16.32  313  0.245
	31 7		32.12  17.12  428  0.535
	31 8		29.44  32.57  462  0.201
	31 9		15.8   39.49  403  0.177
	31 10		19.33  11.22  210  0.298
	31 11		20.69  33.53  470  0.245
	31 12		17.16  38.7   429  0.073
	31 13		37.28  41.55  311  0.204
	31 14		28.25  25.64  434  0.765
	31 15		5.37   33.41  140  0.703
	31 16		21.73  31.3   454  0.873
	31 17		22.38  46.37  323  0.571
	31 18		36.28  25.37  309  0.852
	31 19		11.62  32.87  382  0.852
	31 20		23.05  11.97  167  0.454
	31 21		22.07  25.79  442  0.534
	31 22		39.56  43.83  279  0.996
	31 23		39.32  16.62  168  0.734
	31 24		32.46  44.81  289  0.167
	31 25		13.93  31.06  371  0.881
	31 26		23.22  39.19  389  0.585
	31 27		12.26  44.33  159  0.044
	31 28		41.64  16.5   295  0.163
	31 29		35.33  15.39  392  0.801
	31 30		32.43  23.05  276  0.689
	31 32		31.6   17.27  200  0.282
	31 33		15.8   40.41  284  0.859
	31 34		48.01  45.03  274  0.694
	31 35		26.92  47.75  274  0.624
	31 36		12.13  14.72  197  0.423
	31 37		45.0   22.21  282  0.832
	31 38		21.35  20.2   171  0.233
	31 39		11.0   27.72  193  0.535
	31 40		36.56  49.91  479  0.694
	31 41		13.26  25.6   328  0.77 
	31 42		30.62  39.93  198  0.81 
	31 43		23.96  30.95  142  0.235
	31 44		45.57  21.82  149  0.555
	31 45		39.38  37.81  395  0.757
	31 46		41.91  34.27  220  0.001
	31 47		25.57  42.96  170  0.125
	31 48		12.36  45.36  300  0.264
	31 49		34.72  30.67  362  0.881
	31 50		10.72  31.84  414  0.342
	32 0		17.31  46.19  220  0.044
	32 1		25.99  16.61  236  0.61 
	32 2		6.41   23.5   177  0.443
	32 3		19.86  27.86  473  0.398
	32 4		11.64  46.88  214  0.238
	32 5		24.18  28.82  370  0.824
	32 6		19.79  10.25  468  0.586
	32 7		19.33  35.02  204  0.296
	32 8		28.24  28.34  140  0.733
	32 9		22.44  15.29  241  0.865
	32 10		36.12  36.23  147  0.694
	32 11		15.66  32.56  270  0.353
	32 12		16.08  39.75  152  0.752
	32 13		18.86  46.25  455  0.964
	32 14		6.37   10.36  421  0.436
	32 15		49.64  48.61  284  0.17 
	32 16		11.19  21.11  253  0.308
	32 17		36.16  44.72  434  0.225
	32 18		8.93   37.25  499  0.004
	32 19		49.96  24.43  279  0.892
	32 20		8.12   40.56  232  0.412
	32 21		44.19  18.22  239  0.939
	32 22		32.96  13.23  233  0.953
	32 23		24.54  38.34  298  0.39 
	32 24		5.31   19.71  265  0.573
	32 25		17.17  40.98  418  0.693
	32 26		35.74  48.16  205  0.894
	32 27		26.7   18.68  361  0.323
	32 28		41.25  43.99  193  0.233
	32 29		11.63  25.26  330  0.012
	32 30		47.93  48.75  258  0.168
	32 31		30.54  22.31  248  0.665
	32 33		37.75  14.76  476  0.418
	32 34		27.58  47.61  400  0.736
	32 35		17.71  37.31  258  0.61 
	32 36		17.7   11.68  154  0.061
	32 37		42.34  11.6   205  0.068
	32 38		18.81  23.14  338  0.18 
	32 39		38.88  43.57  273  0.75 
	32 40		44.95  25.81  135  0.323
	32 41		37.26  47.48  268  0.12 
	32 42		17.98  49.31  483  0.908
	32 43		31.8   46.31  339  0.777
	32 44		28.4   23.1   207  0.281
	32 45		19.92  17.79  313  0.417
	32 46		25.21  15.47  122  0.682
	32 47		44.18  20.25  446  0.056
	32 48		16.96  10.98  209  0.831
	32 49		43.28  39.92  289  0.621
	32 50		32.35  19.42  329  0.708
	33 0		28.92  44.11  169  0.048
	33 1		19.61  15.13  273  0.089
	33 2		37.01  42.39  176  0.068
	33 3		38.57  37.34  473  0.767
	33 4		12.68  48.56  324  0.996
	33 5		30.39  48.4   220  0.256
	33 6		22.83  25.37  216  0.321
	33 7		44.69  30.82  304  0.147
	33 8		20.47  20.8   119  0.842
	33 9		40.14  46.66  371  0.247
	33 10		17.35  42.41  495  0.317
	33 11		5.98   26.99  383  0.781
	33 12		16.43  14.76  163  0.696
	33 13		37.92  18.47  418  0.015
	33 14		9.02   46.98  257  0.666
	33 15		19.05  26.18  288  0.563
	33 16		10.38  39.62  152  0.626
	33 17		18.53  37.95  446  0.121
	33 18		46.23  18.04  469  0.184
	33 19		46.43  35.78  458  0.294
	33 20		46.65  20.69  355  0.489
	33 21		44.92  38.24  456  0.187
	33 22		23.57  36.04  401  0.341
	33 23		30.41  32.84  480  0.852
	33 24		41.49  48.05  344  0.646
	33 25		8.9    48.16  121  0.86 
	33 26		8.82   35.72  322  0.853
	33 27		14.87  39.25  180  0.282
	33 28		24.48  36.79  398  0.932
	33 29		25.9   16.3   398  0.491
	33 30		14.76  37.26  292  0.615
	33 31		18.05  31.35  307  0.874
	33 32		29.11  18.93  243  0.552
	33 34		30.34  21.69  165  0.415
	33 35		5.97   28.1   354  0.812
	33 36		47.47  36.04  228  0.125
	33 37		46.62  44.42  329  0.718
	33 38		32.21  43.75  256  0.242
	33 39		48.66  23.81  415  0.192
	33 40		19.3   26.81  180  0.137
	33 41		8.99   36.04  453  0.815
	33 42		38.94  32.06  336  0.308
	33 43		46.57  15.62  499  0.359
	33 44		9.58   27.12  379  0.405
	33 45		30.89  36.09  379  0.343
	33 46		34.65  42.37  475  0.048
	33 47		11.94  42.67  345  0.023
	33 48		10.04  46.93  294  0.427
	33 49		20.61  11.57  119  0.67 
	33 50		44.22  41.96  291  0.151
	34 0		44.71  13.63  351  0.854
	34 1		40.89  12.17  140  0.036
	34 2		24.86  39.89  491  0.164
	34 3		31.07  12.59  426  0.802
	34 4		7.82   44.13  413  0.98 
	34 5		26.54  28.32  397  0.974
	34 6		18.86  44.95  114  0.292
	34 7		16.63  36.19  202  0.272
	34 8		29.2   27.0   148  0.626
	34 9		29.41  48.49  156  0.015
	34 10		14.11  49.5   275  0.998
	34 11		39.36  23.76  467  0.57 
	34 12		49.63  43.4   225  0.081
	34 13		11.61  33.79  427  0.744
	34 14		7.43   26.43  165  0.789
	34 15		49.53  14.33  448  0.907
	34 16		19.05  17.64  364  0.285
	34 17		27.95  30.93  472  0.019
	34 18		37.86  15.51  454  0.747
	34 19		23.59  11.79  368  0.509
	34 20		25.6   24.69  281  0.466
	34 21		24.34  14.12  412  0.781
	34 22		13.8   20.83  317  0.22 
	34 23		30.39  43.89  208  0.852
	34 24		38.99  41.12  176  0.732
	34 25		36.37  27.42  341  0.212
	34 26		29.82  33.55  154  0.006
	34 27		15.58  37.77  423  0.556
	34 28		29.84  26.89  321  0.222
	34 29		7.99   10.0   423  0.927
	34 30		47.58  18.36  291  0.482
	34 31		38.26  23.63  318  0.135
	34 32		31.05  14.86  113  0.385
	34 33		45.04  23.94  202  0.993
	34 35		9.22   22.92  243  0.414
	34 36		35.87  30.69  465  0.599
	34 37		43.8   32.92  418  0.995
	34 38		17.85  11.57  206  0.562
	34 39		49.34  36.92  469  0.586
	34 40		9.85   23.0   267  0.864
	34 41		15.92  48.74  412  0.957
	34 42		36.5   27.81  111  0.129
	34 43		38.77  33.47  371  0.422
	34 44		7.14   46.85  103  0.623
	34 45		6.69   36.74  464  0.903
	34 46		36.42  30.68  454  0.2  
	34 47		32.01  23.42  476  0.251
	34 48		30.53  48.41  128  0.224
	34 49		11.77  18.05  136  0.345
	34 50		43.22  29.22  323  0.681
	35 0		37.12  31.56  492  0.63 
	35 1		8.61   49.38  265  0.077
	35 2		16.53  26.24  308  0.109
	35 3		22.74  25.79  140  0.529
	35 4		28.76  39.74  416  0.491
	35 5		18.87  47.41  227  0.271
	35 6		8.87   23.07  466  0.403
	35 7		26.29  18.51  181  0.881
	35 8		46.42  30.47  125  0.459
	35 9		8.41   22.21  441  0.673
	35 10		12.53  36.86  101  0.583
	35 11		46.22  45.08  484  0.761
	35 12		27.09  48.49  352  0.958
	35 13		31.91  43.12  241  0.654
	35 14		6.78   45.31  226  0.708
	35 15		42.07  19.1   274  0.636
	35 16		47.81  43.89  440  0.057
	35 17		17.77  31.27  124  0.067
	35 18		29.62  14.31  202  0.522
	35 19		33.27  41.47  372  0.111
	35 20		16.42  30.76  481  0.211
	35 21		36.16  33.66  254  0.371
	35 22		44.62  13.49  465  0.553
	35 23		11.7   35.76  437  0.109
	35 24		10.24  27.12  173  0.794
	35 25		22.91  25.73  378  0.636
	35 26		31.25  29.38  137  0.226
	35 27		18.62  23.42  479  0.171
	35 28		48.18  16.85  220  0.476
	35 29		34.36  36.25  195  0.007
	35 30		45.11  28.26  321  0.694
	35 31		11.31  43.27  373  0.69 
	35 32		20.48  30.09  365  0.547
	35 33		40.98  26.71  283  0.121
	35 34		18.6   26.42  263  0.434
	35 36		8.89   38.63  476  0.395
	35 37		38.23  39.39  264  0.351
	35 38		31.69  31.68  106  0.81 
	35 39		41.13  11.97  437  0.716
	35 40		44.52  20.95  277  0.903
	35 41		21.18  26.13  166  0.896
	35 42		19.3   13.47  369  0.185
	35 43		33.36  24.41  182  0.759
	35 44		5.79   39.02  309  0.198
	35 45		45.43  16.2   401  0.288
	35 46		42.95  32.36  170  0.815
	35 47		44.68  35.13  143  0.895
	35 48		23.94  28.3   456  0.563
	35 49		12.69  11.27  462  0.928
	35 50		33.71  35.63  117  0.035
	36 0		5.48   19.35  110  0.477
	36 1		13.26  45.02  238  0.062
	36 2		38.6   33.51  305  0.349
	36 3		31.06  42.72  408  0.873
	36 4		9.66   14.17  366  0.536
	36 5		46.81  41.82  330  0.805
	36 6		48.15  31.79  413  0.04 
	36 7		20.87  24.4   306  0.147
	36 8		25.5   42.06  164  0.509
	36 9		9.55   38.94  275  0.994
	36 10		33.0   19.41  485  0.12 
	36 11		16.22  30.22  469  0.842
	36 12		38.53  19.03  414  0.716
	36 13		28.43  23.59  159  0.471
	36 14		39.76  39.84  356  0.361
	36 15		45.6   31.47  374  0.2  
	36 16		33.77  28.46  261  0.667
	36 17		14.8   21.4   283  0.579
	36 18		38.64  29.79  168  0.01 
	36 19		30.35  38.92  117  0.524
	36 20		48.68  38.57  356  0.292
	36 21		17.87  48.83  376  0.968
	36 22		31.88  14.81  249  0.615
	36 23		18.66  40.86  209  0.854
	36 24		11.62  38.64  384  0.646
	36 25		40.84  15.27  379  0.723
	36 26		23.95  48.4   476  0.372
	36 27		12.36  32.78  152  0.468
	36 28		41.34  10.39  123  0.424
	36 29		42.84  44.96  115  0.118
	36 30		41.44  39.87  206  0.403
	36 31		24.81  40.71  286  0.08 
	36 32		37.46  18.52  183  0.387
	36 33		33.81  19.85  226  0.22 
	36 34		46.71  40.69  307  0.448
	36 35		17.94  11.51  383  0.045
	36 37		49.05  41.43  287  0.657
	36 38		28.7   22.13  225  0.861
	36 39		26.97  13.73  215  0.661
	36 40		9.0    19.33  411  0.225
	36 41		42.45  10.7   322  0.707
	36 42		31.92  23.35  305  0.619
	36 43		10.01  27.78  195  0.643
	36 44		49.4   29.96  229  0.201
	36 45		7.09   43.07  289  0.251
	36 46		27.6   24.1   266  0.281
	36 47		25.83  31.43  132  0.073
	36 48		44.48  45.62  341  0.922
	36 49		27.4   34.07  115  0.315
	36 50		42.19  33.72  274  0.416
	37 0		48.02  12.76  492  0.664
	37 1		30.77  24.54  170  0.462
	37 2		10.82  13.98  379  0.515
	37 3		11.11  21.5   439  0.352
	37 4		16.78  23.07  429  0.245
	37 5		37.17  47.02  349  0.856
	37 6		11.27  44.88  465  0.048
	37 7		38.06  26.1   478  0.791
	37 8		12.17  21.28  387  0.927
	37 9		19.95  12.16  437  0.917
	37 10		26.53  49.19  473  0.481
	37 11		32.46  39.97  434  0.427
	37 12		43.37  36.66  289  0.971
	37 13		11.93  33.83  178  0.397
	37 14		30.8   33.52  184  0.173
	37 15		7.64   16.46  459  0.16 
	37 16		7.67   27.15  296  0.902
	37 17		27.98  40.51  193  0.673
	37 18		43.29  32.54  204  0.246
	37 19		29.39  16.97  228  0.714
	37 20		25.13  45.11  212  0.952
	37 21		40.15  23.68  398  0.01 
	37 22		10.1   49.53  294  0.75 
	37 23		48.22  25.55  286  0.692
	37 24		34.54  15.87  176  0.885
	37 25		27.0   48.99  388  0.489
	37 26		23.49  33.16  492  0.274
	37 27		39.03  31.34  479  0.092
	37 28		6.29   42.57  103  0.958
	37 29		30.01  44.63  461  0.897
	37 30		45.96  40.28  459  0.83 
	37 31		27.69  28.18  131  0.878
	37 32		13.26  29.04  425  0.21 
	37 33		33.35  36.95  132  0.015
	37 34		16.04  18.42  308  0.874
	37 35		48.64  41.91  315  0.178
	37 36		34.31  42.09  205  0.14 
	37 38		12.63  43.73  166  0.972
	37 39		38.83  12.98  498  0.36 
	37 40		42.6   18.88  259  0.748
	37 41		27.89  25.97  110  0.738
	37 42		14.54  10.23  367  0.64 
	37 43		12.56  13.83  177  0.742
	37 44		13.25  23.04  168  0.247
	37 45		9.74   38.33  125  0.375
	37 46		49.32  33.33  342  0.681
	37 47		9.82   33.92  105  0.638
	37 48		6.72   45.52  122  0.913
	37 49		38.55  23.36  416  0.593
	37 50		31.87  22.73  380  0.668
	38 0		45.62  48.45  221  0.3  
	38 1		9.92   22.13  334  0.141
	38 2		5.66   48.98  331  0.258
	38 3		14.57  23.82  174  0.021
	38 4		28.38  37.95  396  0.176
	38 5		21.62  49.97  149  0.413
	38 6		35.0   19.98  179  0.155
	38 7		31.28  22.89  356  0.921
	38 8		10.53  39.75  194  0.526
	38 9		39.06  11.39  284  0.534
	38 10		26.5   18.15  435  0.318
	38 11		12.66  27.84  412  0.831
	38 12		29.2   16.36  388  0.718
	38 13		21.89  39.84  331  0.884
	38 14		17.38  13.22  413  0.823
	38 15		14.18  40.78  124  0.675
	38 16		39.01  24.89  378  0.768
	38 17		41.75  17.12  129  0.941
	38 18		22.68  39.89  137  0.094
	38 19		32.33  14.5   134  0.517
	38 20		23.01  46.12  468  0.609
	38 21		29.07  17.22  389  0.152
	38 22		26.17  11.98  148  0.594
	38 23		5.28   21.83  423  0.997
	38 24		11.53  26.21  115  0.711
	38 25		27.25  26.9   367  0.937
	38 26		13.61  23.75  260  0.983
	38 27		9.56   38.39  252  0.487
	38 28		24.83  35.2   462  0.886
	38 29		16.52  44.74  141  0.077
	38 30		32.8   49.13  388  0.975
	38 31		18.19  14.3   143  0.814
	38 32		46.19  27.14  471  0.119
	38 33		35.75  49.68  336  0.602
	38 34		24.98  24.45  441  0.182
	38 35		22.05  14.7   150  0.478
	38 36		8.64   22.82  182  0.993
	38 37		29.36  32.74  404  0.844
	38 39		20.22  31.87  335  0.513
	38 40		22.58  49.89  413  0.83 
	38 41		26.98  21.67  498  0.463
	38 42		34.76  40.94  117  0.585
	38 43		14.48  36.03  297  0.1  
	38 44		40.25  12.6   456  0.201
	38 45		26.97  29.6   202  0.994
	38 46		45.03  16.04  114  0.093
	38 47		22.9   44.37  438  0.617
	38 48		16.35  42.39  280  0.189
	38 49		13.94  41.85  374  0.436
	38 50		25.71  19.45  222  0.107
	39 0		33.5   39.33  250  0.328
	39 1		48.57  14.49  334  0.635
	39 2		11.86  20.92  140  0.734
	39 3		32.07  35.0   478  0.45 
	39 4		11.21  23.8   349  0.204
	39 5		24.95  17.79  263  0.777
	39 6		43.23  33.31  217  0.972
	39 7		20.83  12.8   277  0.801
	39 8		8.82   23.21  157  0.861
	39 9		17.59  27.89  346  0.877
	39 10		32.83  29.01  104  0.055
	39 11		26.21  40.35  197  0.786
	39 12		28.93  43.81  169  0.862
	39 13		20.16  37.8   440  0.667
	39 14		5.02   23.53  461  0.218
	39 15		28.6   41.34  180  0.057
	39 16		36.87  36.23  203  0.136
	39 17		37.8   10.06  486  0.623
	39 18		10.19  26.9   435  0.15 
	39 19		25.53  33.09  300  0.416
	39 20		33.48  38.16  499  0.246
	39 21		35.28  45.88  402  0.377
	39 22		35.63  43.12  364  0.058
	39 23		20.63  31.52  181  0.743
	39 24		21.81  20.66  467  0.184
	39 25		28.2   41.99  167  0.588
	39 26		27.86  28.18  403  0.838
	39 27		26.27  22.29  475  0.153
	39 28		8.01   36.48  460  0.338
	39 29		28.56  27.9   207  0.475
	39 30		13.5   19.62  274  0.925
	39 31		39.82  34.45  389  0.914
	39 32		20.16  36.69  309  0.948
	39 33		8.88   17.78  312  0.583
	39 34		27.09  32.66  227  0.521
	39 35		36.13  15.34  327  0.659
	39 36		18.85  27.61  352  0.268
	39 37		38.3   37.28  130  0.066
	39 38		34.45  38.93  394  0.467
	39 40		12.17  10.38  108  0.343
	39 41		44.58  12.14  149  0.132
	39 42		30.47  39.5   292  0.948
	39 43		49.16  42.87  254  0.84 
	39 44		34.25  37.41  192  0.528
	39 45		25.84  14.81  343  0.787
	39 46		10.78  26.05  275  0.464
	39 47		41.98  23.9   486  0.51 
	39 48		40.69  35.11  214  0.727
	39 49		17.18  33.02  481  0.291
	39 50		24.92  42.75  288  0.956
	40 0		10.62  45.15  273  0.838
	40 1		21.84  32.52  111  0.425
	40 2		17.83  17.77  272  0.619
	40 3		46.74  41.17  283  0.933
	40 4		26.25  42.29  173  0.517
	40 5		6.32   37.37  431  0.88 
	40 6		36.03  23.42  318  0.683
	40 7		13.12  45.11  324  0.468
	40 8		26.12  20.09  176  0.958
	40 9		8.24   16.23  412  0.015
	40 10		5.46   38.76  384  0.629
	40 11		25.27  12.01  187  0.561
	40 12		21.79  14.63  407  0.555
	40 13		23.76  23.37  489  0.409
	40 14		42.08  38.32  366  0.114
	40 15		6.66   26.32  218  0.37 
	40 16		10.75  11.26  130  0.014
	40 17		24.66  40.93  199  0.245
	40 18		27.79  34.44  318  0.194
	40 19		31.55  36.25  116  0.999
	40 20		18.38  27.85  313  0.668
	40 21		34.13  41.12  489  0.439
	40 22		23.1   19.58  470  0.354
	40 23		37.47  32.12  382  0.827
	40 24		46.24  25.91  108  0.333
	40 25		16.87  20.74  377  0.968
	40 26		38.97  46.54  241  0.471
	40 27		20.87  46.91  270  0.358
	40 28		40.23  25.42  132  0.823
	40 29		37.98  48.9   180  0.489
	40 30		20.54  47.42  198  0.8  
	40 31		27.51  34.85  403  0.66 
	40 32		19.96  44.53  416  0.152
	40 33		26.1   44.04  214  0.298
	40 34		41.88  20.97  424  0.695
	40 35		33.7   40.72  331  0.184
	40 36		45.24  38.11  274  0.556
	40 37		7.03   43.32  228  0.542
	40 38		10.15  21.65  134  0.009
	40 39		7.55   43.84  253  0.907
	40 41		41.15  40.16  369  0.114
	40 42		8.99   15.87  191  0.367
	40 43		34.31  17.69  347  0.005
	40 44		11.85  45.49  384  0.669
	40 45		23.32  47.07  461  0.887
	40 46		45.41  31.88  209  0.977
	40 47		41.58  17.75  110  0.3  
	40 48		46.94  42.19  434  0.418
	40 49		46.57  32.23  128  0.961
	40 50		24.82  38.66  491  0.388
	41 0		20.02  24.23  176  0.993
	41 1		7.19   45.59  390  0.377
	41 2		33.6   29.28  494  0.264
	41 3		20.65  13.04  100  0.74 
	41 4		31.56  26.58  169  0.605
	41 5		36.89  41.37  352  0.472
	41 6		30.41  37.67  418  0.812
	41 7		38.27  45.25  142  0.628
	41 8		29.07  36.62  482  0.827
	41 9		7.33   25.99  259  0.031
	41 10		15.26  22.77  397  0.184
	41 11		17.14  27.39  275  0.541
	41 12		43.9   37.69  136  0.712
	41 13		41.13  42.1   282  0.478
	41 14		46.79  26.35  471  0.988
	41 15		28.66  28.09  401  0.136
	41 16		17.17  23.05  267  0.508
	41 17		39.35  23.87  265  0.589
	41 18		16.12  37.66  118  0.976
	41 19		44.22  38.73  331  0.166
	41 20		19.55  13.88  221  0.375
	41 21		35.17  37.9   221  0.948
	41 22		33.74  10.39  189  0.098
	41 23		25.75  31.34  433  0.468
	41 24		40.36  49.21  261  0.907
	41 25		35.3   20.85  237  0.616
	41 26		30.94  24.51  265  0.657
	41 27		40.24  24.55  447  0.302
	41 28		7.67   21.59  176  0.701
	41 29		36.27  44.0   402  0.256
	41 30		9.49   46.3   441  0.466
	41 31		24.38  46.0   470  0.638
	41 32		33.25  22.55  218  0.073
	41 33		14.18  13.85  387  0.227
	41 34		33.1   41.52  326  0.882
	41 35		37.59  10.97  127  0.149
	41 36		43.68  32.87  109  0.087
	41 37		39.28  26.22  258  0.561
	41 38		13.2   39.29  411  0.918
	41 39		40.47  47.52  264  0.533
	41 40		22.81  38.57  464  0.3  
	41 42		11.26  49.85  164  0.692
	41 43		5.63   36.66  450  0.741
	41 44		38.15  43.9   403  0.605
	41 45		11.72  18.08  423  0.615
	41 46		17.29  17.3   210  0.23 
	41 47		43.76  43.63  375  0.666
	41 48		23.13  38.8   113  0.879
	41 49		14.46  19.18  218  0.515
	41 50		26.48  14.91  169  0.433
	42 0		15.09  11.9   151  0.085
	42 1		33.51  48.43  467  0.751
	42 2		23.42  47.32  316  0.711
	42 3		30.87  18.17  118  0.04 
	42 4		28.54  38.84  193  0.559
	42 5		46.96  15.41  115  0.338
	42 6		13.0   33.08  329  0.002
	42 7		15.82  33.83  308  0.526
	42 8		20.86  30.71  128  0.457
	42 9		32.86  22.53  282  0.424
	42 10		11.26  35.51  367  0.425
	42 11		34.99  42.98  224  0.827
	42 12		35.43  16.77  404  0.722
	42 13		30.12  36.52  379  0.044
	42 14		14.2   47.28  385  0.515
	42 15		32.22  38.1   192  0.997
	42 16		34.17  18.02  156  0.565
	42 17		18.08  24.26  225  0.482
	42 18		26.47  22.81  459  0.281
	42 19		28.03  42.77  202  0.625
	42 20		27.27  46.06  274  0.801
	42 21		44.12  11.68  135  0.411
	42 22		41.26  17.92  279  0.001
	42 23		20.33  18.05  167  0.822
	42 24		7.21   48.96  452  0.958
	42 25		31.49  43.7   326  0.491
	42 26		46.91  22.65  167  0.264
	42 27		37.34  39.26  448  0.695
	42 28		31.98  27.58  251  0.849
	42 29		43.88  21.37  261  0.51 
	42 30		17.29  12.86  277  0.933
	42 31		46.24  49.18  241  0.41 
	42 32		45.19  30.03  122  0.646
	42 33		48.6   22.43  433  0.314
	42 34		21.89  17.68  142  0.237
	42 35		45.36  11.0   450  0.29 
	42 36		44.44  31.34  244  0.373
	42 37		21.24  13.26  261  0.569
	42 38		34.74  42.93  398  0.378
	42 39		26.13  33.87  268  0.104
	42 40		14.68  47.64  109  0.646
	42 41		5.52   11.75  323  0.33 
	42 43		16.79  39.93  239  0.425
	42 44		38.97  24.54  342  0.235
	42 45		45.16  34.27  437  0.763
	42 46		42.0   17.74  103  0.024
	42 47		18.48  32.38  230  0.637
	42 48		19.88  43.01  256  0.462
	42 49		6.36   26.18  445  0.163
	42 50		44.66  17.35  104  0.976
	43 0		12.46  42.06  193  0.347
	43 1		33.19  27.97  269  0.659
	43 2		32.55  33.38  381  0.71 
	43 3		25.19  13.22  394  0.473
	43 4		15.79  38.95  149  0.891
	43 5		5.05   48.69  442  0.524
	43 6		10.64  17.52  244  0.151
	43 7		46.85  49.68  325  0.47 
	43 8		18.28  25.46  280  0.797
	43 9		7.78   11.85  102  0.627
	43 10		35.16  18.24  294  0.328
	43 11		20.76  23.97  115  0.228
	43 12		39.62  34.3   179  0.216
	43 13		16.8   17.57  249  0.725
	43 14		26.98  16.43  388  0.336
	43 15		27.08  32.16  350  0.307
	43 16		9.3    31.43  295  0.431
	43 17		7.74   44.17  348  0.07 
	43 18		20.02  33.69  269  0.035
	43 19		19.42  38.42  467  0.507
	43 20		43.99  31.05  289  0.469
	43 21		44.53  27.62  261  0.794
	43 22		34.38  24.02  248  0.63 
	43 23		36.18  13.52  296  0.097
	43 24		7.99   30.76  297  0.585
	43 25		42.22  37.54  324  0.908
	43 26		19.22  20.49  494  0.364
	43 27		25.29  31.87  496  0.472
	43 28		35.45  33.36  328  0.032
	43 29		26.54  28.5   439  0.566
	43 30		25.95  41.55  116  0.022
	43 31		36.4   42.87  489  0.35 
	43 32		26.59  20.73  340  0.761
	43 33		23.11  23.3   119  0.206
	43 34		12.79  16.11  132  0.284
	43 35		37.15  41.82  266  0.245
	43 36		25.34  16.73  486  0.721
	43 37		48.89  49.25  210  0.661
	43 38		33.63  18.72  354  0.935
	43 39		33.83  33.04  247  0.533
	43 40		25.76  21.24  341  0.166
	43 41		31.35  27.3   377  0.808
	43 42		15.24  21.05  301  0.801
	43 44		23.63  27.97  243  0.611
	43 45		25.53  46.72  271  0.646
	43 46		14.95  31.24  222  0.665
	43 47		29.76  10.8   286  0.427
	43 48		43.28  33.49  223  0.485
	43 49		49.98  28.48  213  0.967
	43 50		18.68  35.12  205  0.107
	44 0		18.77  47.06  192  0.585
	44 1		33.39  19.12  199  0.71 
	44 2		34.39  48.97  187  0.927
	44 3		16.88  40.41  201  0.818
	44 4		7.75   11.6   414  0.095
	44 5		19.94  49.09  103  0.156
	44 6		8.53   25.76  359  0.498
	44 7		49.05  15.52  177  0.161
	44 8		42.43  39.98  177  0.317
	44 9		26.99  44.39  391  0.95 
	44 10		45.42  37.66  180  0.192
	44 11		14.62  39.37  377  0.188
	44 12		12.47  26.96  281  0.408
	44 13		19.34  14.99  265  0.159
	44 14		48.5   24.46  354  0.229
	44 15		23.51  42.84  486  0.873
	44 16		29.89  46.35  218  0.985
	44 17		7.37   39.9   373  0.362
	44 18		36.01  22.55  168  0.558
	44 19		24.71  48.57  210  0.733
	44 20		13.31  28.16  428  0.025
	44 21		49.12  38.11  289  0.353
	44 22		11.18  22.47  245  0.716
	44 23		20.11  33.58  246  0.548
	44 24		5.54   25.29  136  0.989
	44 25		22.93  10.95  291  0.521
	44 26		47.77  45.52  281  0.372
	44 27		45.9   11.03  476  0.448
	44 28		43.55  28.79  408  0.425
	44 29		7.0    38.75  259  0.697
	44 30		36.82  33.12  211  0.068
	44 31		45.49  36.78  239  0.79 
	44 32		16.51  32.18  314  0.242
	44 33		27.4   49.92  290  0.805
	44 34		34.84  30.26  458  0.787
	44 35		22.43  32.7   481  0.258
	44 36		16.86  26.66  303  0.237
	44 37		48.07  48.55  190  0.802
	44 38		27.91  26.78  403  0.736
	44 39		39.82  18.81  214  0.658
	44 40		16.61  25.17  277  0.681
	44 41		10.06  10.82  487  0.376
	44 42		31.14  17.7   153  0.724
	44 43		16.64  39.85  277  0.307
	44 45		39.71  32.53  387  0.122
	44 46		29.05  47.74  306  0.838
	44 47		42.58  47.38  165  0.946
	44 48		27.31  14.12  414  0.73 
	44 49		11.61  29.73  368  0.047
	44 50		21.95  14.87  315  0.949
	45 0		47.11  44.95  233  0.176
	45 1		48.37  37.21  427  0.979
	45 2		42.13  27.83  410  0.59 
	45 3		14.77  19.09  319  0.759
	45 4		24.72  41.94  355  0.582
	45 5		39.54  20.96  213  0.796
	45 6		10.43  14.59  117  0.52 
	45 7		15.05  37.33  150  0.001
	45 8		23.77  24.19  289  0.44 
	45 9		9.5    47.62  162  0.818
	45 10		22.3   37.96  371  0.412
	45 11		29.69  18.34  395  0.067
	45 12		31.64  18.1   352  0.801
	45 13		21.61  47.9   426  0.416
	45 14		42.93  21.47  417  0.028
	45 15		25.71  24.08  242  0.332
	45 16		37.35  44.94  399  0.162
	45 17		24.55  14.72  182  0.903
	45 18		27.13  36.2   498  0.252
	45 19		27.58  37.54  159  0.006
	45 20		33.95  36.62  475  0.09 
	45 21		24.57  38.02  157  0.177
	45 22		39.06  47.27  384  0.327
	45 23		33.4   12.79  183  0.915
	45 24		37.23  17.39  150  0.628
	45 25		5.57   27.54  420  0.526
	45 26		10.66  24.35  270  0.363
	45 27		12.96  11.18  320  0.853
	45 28		41.39  45.69  206  0.125
	45 29		48.23  14.51  390  0.419
	45 30		42.85  28.57  189  0.472
	45 31		11.84  19.05  379  0.47 
	45 32		38.59  20.11  310  0.103
	45 33		12.0   27.78  247  0.583
	45 34		35.44  43.87  397  0.241
	45 35		48.51  25.92  380  0.316
	45 36		46.95  41.92  155  0.542
	45 37		30.85  33.29  103  0.445
	45 38		24.56  48.53  264  0.364
	45 39		30.89  33.71  417  0.446
	45 40		18.07  18.02  157  0.522
	45 41		20.36  24.41  130  0.586
	45 42		31.46  28.82  304  0.151
	45 43		25.03  44.53  304  0.586
	45 44		12.28  10.24  186  0.053
	45 46		22.72  41.97  161  0.477
	45 47		31.79  32.83  239  0.129
	45 48		6.57   33.23  436  0.952
	45 49		46.8   21.02  252  0.84 
	45 50		40.64  30.07  329  0.914
	46 0		35.05  12.24  278  0.909
	46 1		29.02  16.52  141  0.488
	46 2		42.37  13.1   266  0.256
	46 3		39.65  44.76  390  0.254
	46 4		32.4   25.88  178  0.391
	46 5		12.04  44.23  422  0.856
	46 6		42.9   10.65  224  0.567
	46 7		44.4   46.38  295  0.577
	46 8		45.55  43.42  366  0.354
	46 9		23.88  29.88  260  0.144
	46 10		9.17   49.82  500  0.662
	46 11		10.75  40.59  352  0.339
	46 12		24.61  14.17  427  0.947
	46 13		18.39  27.68  107  0.979
	46 14		8.39   18.1   118  0.36 
	46 15		21.19  37.04  337  0.417
	46 16		45.05  22.48  279  0.002
	46 17		10.44  46.32  311  0.47 
	46 18		48.26  19.27  339  0.61 
	46 19		15.69  37.77  484  0.62 
	46 20		30.99  22.19  151  0.497
	46 21		37.25  38.28  271  0.146
	46 22		29.48  35.01  295  0.46 
	46 23		25.49  10.16  382  0.557
	46 24		26.51  17.02  255  0.051
	46 25		25.16  37.0   304  0.821
	46 26		41.83  32.83  335  0.981
	46 27		6.89   41.81  445  0.758
	46 28		44.57  43.96  466  0.775
	46 29		13.38  19.06  104  0.959
	46 30		27.93  40.16  187  0.541
	46 31		31.52  25.87  105  0.338
	46 32		37.61  28.9   463  0.861
	46 33		45.5   21.62  306  0.2  
	46 34		49.14  39.34  426  0.72 
	46 35		37.71  42.08  394  0.149
	46 36		45.02  34.43  298  0.659
	46 37		43.33  48.95  219  0.514
	46 38		5.76   39.94  200  0.017
	46 39		35.22  29.12  137  0.035
	46 40		27.54  33.36  431  0.962
	46 41		7.89   19.52  191  0.078
	46 42		39.97  34.45  262  0.344
	46 43		13.3   25.79  360  0.813
	46 44		31.1   44.68  179  0.393
	46 45		26.54  13.53  447  0.157
	46 47		15.58  25.2   173  0.911
	46 48		43.41  34.66  460  0.629
	46 49		19.06  42.41  489  0.308
	46 50		12.41  45.63  388  0.828
	47 0		29.21  14.85  413  0.624
	47 1		13.16  40.87  215  0.209
	47 2		25.15  23.48  405  0.716
	47 3		27.12  49.28  455  0.44 
	47 4		36.51  41.59  241  0.974
	47 5		8.23   25.6   447  0.298
	47 6		29.07  21.49  249  0.937
	47 7		24.19  43.46  341  0.247
	47 8		23.25  23.82  202  0.078
	47 9		46.8   34.9   160  0.208
	47 10		41.59  36.45  499  0.206
	47 11		36.34  27.31  470  0.485
	47 12		13.89  40.81  108  0.236
	47 13		7.2    24.86  376  0.931
	47 14		6.15   41.81  144  0.452
	47 15		28.28  35.39  127  0.38 
	47 16		37.55  15.99  276  0.079
	47 17		15.18  48.3   128  0.315
	47 18		44.52  42.96  253  0.81 
	47 19		39.17  29.19  380  0.077
	47 20		40.05  12.85  317  0.208
	47 21		49.96  33.13  449  0.777
	47 22		25.77  32.12  139  0.172
	47 23		48.16  35.86  441  0.897
	47 24		42.31  42.13  446  0.011
	47 25		49.14  10.66  384  0.248
	47 26		38.13  46.39  382  0.242
	47 27		11.53  36.4   198  0.587
	47 28		43.99  17.74  417  0.088
	47 29		49.84  31.79  389  0.327
	47 30		9.57   10.76  128  0.556
	47 31		8.58   36.07  370  0.145
	47 32		23.13  38.99  471  0.502
	47 33		41.32  18.37  462  0.121
	47 34		46.01  18.34  417  0.958
	47 35		8.27   15.07  237  0.185
	47 36		16.09  36.06  251  0.408
	47 37		21.17  17.59  162  0.122
	47 38		36.4   34.01  451  0.944
	47 39		9.15   16.69  423  0.74 
	47 40		34.39  21.0   128  0.186
	47 41		21.97  47.15  380  0.516
	47 42		18.05  15.12  114  0.391
	47 43		40.91  36.87  407  0.085
	47 44		13.64  25.7   138  0.776
	47 45		21.7   23.04  402  0.897
	47 46		36.37  36.59  108  0.788
	47 48		14.43  39.17  496  0.776
	47 49		42.41  28.26  223  0.877
	47 50		30.28  27.56  485  0.364
	48 0		29.22  21.97  294  0.136
	48 1		45.53  18.43  320  0.539
	48 2		23.15  46.64  254  0.033
	48 3		26.68  27.37  354  0.197
	48 4		25.03  43.07  435  0.412
	48 5		28.9   12.97  325  0.543
	48 6		22.13  23.55  186  0.76 
	48 7		5.4    20.68  298  0.198
	48 8		20.44  29.13  349  0.145
	48 9		48.67  30.37  290  0.455
	48 10		44.25  16.71  238  0.674
	48 11		42.15  28.35  466  0.363
	48 12		12.59  49.95  444  0.213
	48 13		46.21  41.09  175  0.707
	48 14		48.43  38.81  232  0.416
	48 15		33.46  36.68  120  0.106
	48 16		49.17  44.75  377  0.113
	48 17		14.88  30.99  118  0.159
	48 18		14.3   18.54  175  0.037
	48 19		44.83  33.75  462  0.306
	48 20		37.2   13.65  144  0.076
	48 21		19.66  49.83  362  0.544
	48 22		43.53  48.35  248  0.889
	48 23		32.82  39.45  238  0.723
	48 24		41.58  19.12  363  0.086
	48 25		18.0   14.69  486  0.685
	48 26		21.03  12.19  157  0.512
	48 27		43.71  34.77  401  0.199
	48 28		10.61  46.12  123  0.596
	48 29		33.42  48.84  439  0.266
	48 30		11.53  48.73  184  0.502
	48 31		9.63   41.4   251  0.517
	48 32		17.08  46.37  149  0.762
	48 33		26.28  36.93  372  0.756
	48 34		26.68  23.57  421  0.888
	48 35		19.97  20.0   353  0.312
	48 36		11.44  42.72  316  0.911
	48 37		12.82  28.34  289  0.042
	48 38		34.86  14.19  363  0.509
	48 39		25.48  49.24  213  0.156
	48 40		8.63   36.06  399  0.641
	48 41		47.61  44.5   302  0.806
	48 42		35.24  11.85  240  0.34 
	48 43		48.38  42.65  372  0.273
	48 44		8.85   26.28  424  0.311
	48 45		10.35  10.17  153  0.062
	48 46		30.15  11.42  131  0.266
	48 47		8.56   11.91  240  0.975
	48 49		15.58  18.22  498  0.42 
	48 50		8.02   25.55  187  0.436
	49 0		29.36  20.6   177  0.307
	49 1		9.15   35.43  427  0.69 
	49 2		9.56   25.93  464  0.906
	49 3		25.21  17.93  132  0.087
	49 4		15.8   13.72  394  0.791
	49 5		18.87  35.63  452  0.855
	49 6		30.4   30.68  232  0.69 
	49 7		13.2   44.16  374  0.27 
	49 8		38.36  21.59  297  0.067
	49 9		49.19  28.41  378  0.631
	49 10		14.46  45.34  202  0.833
	49 11		11.31  18.8   242  0.039
	49 12		40.8   25.98  335  0.265
	49 13		44.84  44.09  188  0.089
	49 14		17.53  23.6   166  0.38 
	49 15		36.62  34.84  255  0.002
	49 16		25.99  36.14  421  0.178
	49 17		38.93  44.75  445  0.106
	49 18		9.41   30.85  309  0.48 
	49 19		14.04  12.72  102  0.078
	49 20		49.67  12.01  418  0.155
	49 21		36.58  19.63  423  0.917
	49 22		13.87  43.07  358  0.371
	49 23		17.02  34.04  100  0.694
	49 24		38.59  29.81  279  0.795
	49 25		31.79  40.81  479  0.792
	49 26		32.39  35.65  379  0.239
	49 27		17.05  39.43  350  0.342
	49 28		20.88  25.51  371  0.216
	49 29		46.9   21.92  436  0.914
	49 30		16.24  49.25  123  0.559
	49 31		29.09  23.94  450  0.744
	49 32		9.17   27.21  341  0.022
	49 33		9.47   20.18  496  0.15 
	49 34		16.97  46.96  485  0.755
	49 35		44.46  44.36  451  0.066
	49 36		9.8    32.05  422  0.704
	49 37		29.76  44.51  134  0.439
	49 38		9.05   48.57  322  0.527
	49 39		18.54  23.43  422  0.56 
	49 40		40.16  43.36  477  0.961
	49 41		17.71  48.85  222  0.775
	49 42		47.03  39.2   361  0.06 
	49 43		30.94  19.44  418  0.88 
	49 44		48.02  43.16  299  0.604
	49 45		19.68  31.89  493  0.582
	49 46		13.4   31.37  385  0.616
	49 47		15.32  21.5   428  0.685
	49 48		36.68  28.61  325  0.824
	49 50		23.73  23.93  147  0.12 
	50 0		16.44  33.03  280  0.089
	50 1		10.36  30.73  197  0.193
	50 2		23.33  20.66  455  0.523
	50 3		19.55  31.4   403  0.516
	50 4		36.73  19.85  486  0.413
	50 5		35.24  17.11  156  0.742
	50 6		23.14  11.59  292  0.339
	50 7		25.83  17.1   214  0.608
	50 8		47.47  38.19  333  0.495
	50 9		42.9   31.03  173  0.925
	50 10		44.68  18.77  404  0.589
	50 11		48.44  15.64  363  0.206
	50 12		16.43  43.85  185  0.562
	50 13		34.82  19.3   357  0.64 
	50 14		26.1   29.49  361  0.559
	50 15		44.89  27.12  172  0.564
	50 16		28.95  22.44  369  0.572
	50 17		32.53  13.85  451  0.432
	50 18		7.76   34.5   473  0.043
	50 19		35.49  48.32  118  0.848
	50 20		16.07  13.4   450  0.268
	50 21		13.69  36.95  345  0.919
	50 22		19.85  24.02  364  0.337
	50 23		13.96  34.47  389  0.357
	50 24		30.88  26.06  497  0.059
	50 25		25.53  11.78  344  0.705
	50 26		32.08  36.61  167  0.314
	50 27		27.92  44.33  349  0.53 
	50 28		9.79   32.67  115  0.989
	50 29		30.95  27.7   183  0.834
	50 30		29.05  16.64  319  0.16 
	50 31		32.23  48.06  410  0.011
	50 32		16.18  17.47  163  0.037
	50 33		39.87  38.59  432  0.624
	50 34		47.38  26.53  211  0.927
	50 35		39.51  42.86  280  0.892
	50 36		25.68  27.22  319  0.842
	50 37		6.12   43.99  381  0.625
	50 38		7.87   21.65  146  0.838
	50 39		17.46  22.19  303  0.838
	50 40		23.77  38.14  295  0.839
	50 41		20.26  46.17  128  0.661
	50 42		49.53  12.69  156  0.66 
	50 43		31.91  46.04  438  0.688
	50 44		6.24   15.43  256  0.638
	50 45		21.43  45.8   316  0.986
	50 46		44.03  49.63  158  0.078
	50 47		32.69  20.24  481  0.932
	50 48		34.62  23.44  452  0.095
	50 49		20.13  45.76  271  0.528;

param Q :=
	1	153
	2	447
	3	185
	4	144
	5	351
	6	264
	7	269
	8	226
	9	155
	10	204
	11	451
	12	240
	13	390
	14	340
	15	122
	16	327
	17	259
	18	477
	19	496
	20	112;

param TTAR :=
	1	0.38
	2	0.45
	3	0.97
	4	0.38
	5	0.47
	6	0.86
	7	0.61
	8	0.54
	9	0.11
	10	0.91
	11	0.07
	12	0.45
	13	0.66
	14	0.4
	15	0.26
	16	0.94
	17	0.9
	18	0.82
	19	0.95
	20	0.66;

param f :=
	1	34
	2	48
	3	42
	4	27
	5	36
	6	49
	7	42
	8	10
	9	39
	10	47
	11	16
	12	18
	13	43
	14	35
	15	42
	16	25
	17	46
	18	14
	19	19
	20	16;

